354391.229479468  1.067013238   
354391.351549656  0.066562590   
354391.473619845  0.170797799   
354391.595690033  2.090787067   
354391.717760221  -0.055038562  
354391.839830409  0.237666715   
354391.961901597  0.672038836   
354392.083971785  1.615851577   
354392.206041973  1.230098256   
354392.328112161  0.954866089   
354392.450182349  0.045165470   
354392.572252537  1.608568506   
354392.694322725  1.663209318   
354392.816392913  2.663804783   
354392.938463101  2.329068995   
354393.060533289  2.105170172   
354393.182604477  2.343757003   
354393.304674665  1.815124337   
354393.426744853  0.908490868   
354393.548815041  2.048770118   
354393.670885229  0.851448762   
354393.792955417  0.505640184   
354393.915025605  -0.387457462  
354394.037095793  0.029887239   
354394.159165981  0.870415379   
354394.281236169  -0.188457123  
354394.403307357  0.636341405   
354394.525377545  0.334622836   
354394.647447733  2.006365756   
354394.769517921  0.244811844   
354394.891588109  0.247591873   
354395.013658297  0.093992012   
354395.135728485  1.432130797   
354395.257798673  0.911231207   
354395.379868861  1.137523263   
354395.501939049  2.479670985   
354395.624010237  1.403623496   
354395.746080425  0.956374485   
354395.868150613  1.333551621   
354395.990220801  0.758033506   
354396.112290989  0.875792209   
354396.234361177  0.247766943   
354396.356431365  -0.705307944  
354396.478501553  -0.507737049  
354396.600571741  -0.908592819  
354396.722641929  -0.816952452  
354396.844713117  0.294121680   
354396.966783305  -0.313170710  
354397.088853493  -0.932160966  
354397.210923681  0.501449775   
354397.332993869  0.833700338   
354397.455064057  -0.709423431  
354397.577134245  -0.245787868  
354397.699204433  -0.480229338  
354397.821274621  -0.443242350  
354397.943344809  -0.443288820  
354398.065415997  0.012416448   
354398.187486185  -0.289560455  
354398.309556373  0.519387875   
354398.431626561  -1.083200632  
354398.553696749  0.097208769   
354398.675766937  -0.183472874  
354398.797837125  -0.813004354  
354398.919907313  1.020303239   
354399.041977501  1.592482589   
354399.164047689  -0.319690668  
354399.286117877  -1.316257944  
354399.408189065  0.064034641   
354399.530259253  -0.690894018  
354399.652329441  -0.976082733  
354399.774399629  -1.015019350  
354399.896469817  0.503683206   
354400.018540005  -0.369752094  
354400.140610193  -1.069595198  
354400.262680381  -1.128973159  
354400.384750569  0.251437025   
354400.506820757  -0.611909759  
354400.628891945  -0.767250794  
354400.750962133  -1.218833893  
354400.873032321  -1.205197637  
354400.995102509  -1.531777372  
354401.117172697  -0.913696990  
354401.239242885  0.163193607   
354401.361313073  0.260509543   
354401.483383261  0.476920446   
354401.605453449  0.435087625   
354401.727523637  0.211313418   
354401.849594825  -0.094624154  
354401.971665013  0.944036558   
354402.093735201  -1.009418702  
354402.215805389  1.064209358   
354402.337875577  0.135807241   
354402.459945765  -0.093616881  
354402.582015953  1.686896487   
354402.704086141  -0.495362609  
354402.826156329  -0.408030631  
354402.948226518  0.575247827   
354403.070297706  0.929906197   
354403.192367894  0.640453573   
354403.314438082  1.223114873   
354403.436508270  0.170150341   
354403.558578458  -0.435012987  
354403.680648646  -0.406329714  
354403.802718834  1.356011589   
354403.924789022  -0.119178378  
354404.046859210  -0.552373893  
354404.168929398  1.474253016   
354404.291000586  1.596196438   
354404.413070774  0.704185538   
354404.535140962  -0.095363604  
354404.657211150  -1.044119862  
354404.779281338  -0.828975517  
354404.901351526  -0.158110727  
354405.023421714  0.687078692   
354405.145491902  -0.963405287  
354405.267562090  -1.145961458  
354405.389632278  0.564707077   
354405.511702466  -0.389651677  
354405.633773654  -0.982467215  
354405.755843842  -0.306411618  
354405.877914030  -0.500533642  
354405.999984218  -1.173336870  
354406.122054406  -0.933103654  
354406.244124594  1.354936602   
354406.366194782  3.188183973   
354406.488264970  0.807879792   
354406.610335158  -0.061270640  
354406.732405346  2.034374211   
354406.854476534  1.153869510   
354406.976546722  -0.110196524  
354407.098616910  0.281711487   
354407.220687098  1.147819805   
354407.342757286  1.492962622   
354407.464827474  0.864763518   
354407.586897662  -0.025413061  
354407.708967850  0.015208734   
354407.831038038  -1.177703204  
354407.953108226  -0.129330909  
354408.075179414  0.456986958   
354408.197249602  -0.963905556  
354408.319319790  -1.541115578  
354408.441389978  -1.174055267  
354408.563460166  -0.578414462  
354408.685530354  0.422886786   
354408.807600542  0.552490069   
354408.929670730  0.621227575   
354409.051740918  0.863238052   
354409.173811106  0.860844820   
354409.295882294  0.765268210   
354409.417952482  0.343209026   
354409.540022670  -1.049053325  
354409.662092858  0.952838931   
354409.784163046  1.167588276   
354409.906233234  -0.045439988  
354410.028303422  -1.152973293  
354410.150373610  0.254508063   
354410.272443798  -1.244700910  
354410.394513986  -1.019323090  
354410.516585174  1.542217594   
354410.638655362  0.270089538   
354410.760725550  -1.726226681  
354410.882795738  -1.574186950  
354411.004865926  -1.066328509  
354411.126936114  0.036034357   
354411.249006302  -0.963169141  
354411.371076490  -1.138654678  
354411.493146678  -0.165948836  
354411.615216866  -0.793143417  
354411.737288054  -1.476055883  
354411.859358242  0.290188139   
354411.981428430  -0.004145429  
354412.103498618  -0.142003992  
354412.225568806  -1.143526971  
354412.347638994  0.626750456   
354412.469709182  0.481414811   
354412.591779370  -0.324944921  
354412.713849558  -0.062765616  
354412.835919746  -2.149905647  
354412.957989934  -1.343355007  
354413.080061122  -1.039402628  
354413.202131310  0.771704378   
354413.324201498  0.738100967   
354413.446271686  0.046281209   
354413.568341874  -0.541099572  
354413.690412062  0.423223176   
354413.812482250  1.763088246   
354413.934552438  0.506157050   
354414.056622626  -0.080660470  
354414.178692814  0.008944397   
354414.300764002  -1.853200300  
354414.422834190  -1.362112506  
354414.544904378  -1.964358291  
354414.666974566  -0.360159627  
354414.789044754  -0.609879755  
354414.911114942  -1.198070575  
354415.033185131  1.092547374   
354415.155255319  0.355171632   
354415.277325506  -0.893295478  
354415.399395694  -1.077425957  
354415.521466882  -0.768228572  
354415.643537071  -2.174401308  
354415.765607259  -1.182965280  
354415.887677447  0.549579970   
354416.009747635  0.216796229   
354416.131817823  -1.339444844  
354416.253888011  -0.415630033  
354416.375958199  -1.468803161  
354416.498028387  -1.585910327  
354416.620098575  -1.624755426  
354416.742169763  -1.240238790  
354416.864239951  -0.574303717  
354416.986310139  -0.231205509  
354417.108380327  -0.278016463  
354417.230450515  -0.984390052  
354417.352520703  -1.308380715  
354417.474590891  -0.487429425  
354417.596661079  -0.274481999  
354417.718731267  -1.880741679  
354417.840801455  -0.901996374  
354417.962872643  -1.354429220  
354418.084942831  -2.556963811  
354418.207013019  -1.164442031  
354418.329083207  0.061275192   
354418.451153395  -0.989072670  
354418.573223583  -1.699213549  
354418.695293771  -1.036241209  
354418.817363959  -0.650156430  
354418.939434147  -1.204414277  
354419.061504335  -1.523322580  
354419.183575523  -0.667551110  
354419.305645711  -0.721639017  
354419.427715899  0.381603882   
354419.549786087  -1.257903283  
354419.671856275  -0.309381607  
354419.793926463  0.204401353   
354419.915996651  0.628732092   
354420.038066839  0.815815821   
354420.160137027  -0.035441753  
354420.282207215  0.500512777   
354420.404277403  -0.200476869  
354420.526348591  0.024925419   
354420.648418779  0.145260059   
354420.770488967  0.542313022   
354420.892559155  -0.692222221  
354421.014629343  -0.702376981  
354421.136699531  -1.092707175  
354421.258769719  0.334274307   
354421.380839907  -0.473771973  
354421.502910095  -0.969935345  
354421.624980283  -0.383357006  
354421.747051471  0.071436496   
354421.869121659  0.081232200   
354421.991191847  -0.093034862  
354422.113262035  -1.383804761  
354422.235332223  -1.140694640  
354422.357402411  0.509152029   
354422.479472599  0.539353608   
354422.601542787  -0.278814950  
354422.723612975  -1.204015009  
354422.845683163  -0.958311073  
354422.967754351  -0.307108487  
354423.089824539  0.283678850   
354423.211894727  -0.447739370  
354423.333964915  -1.561079414  
354423.456035103  0.797966394   
354423.578105291  0.011433861   
354423.700175479  -0.151367046  
354423.822245667  -0.890539490  
354423.944315855  -1.728669703  
354424.066386043  -2.024649540  
354424.188457231  -0.873713838  
354424.310527419  -0.818599311  
354424.432597607  -0.669316042  
354424.554667795  -1.847222198  
354424.676737983  -0.222095388  
354424.798808171  0.873729012   
354424.920878359  -0.798800967  
354425.042948547  -0.352733351  
354425.165018735  -0.041043894  
354425.287088923  1.607310008   
354425.409160111  1.138355465   
354425.531230299  0.614537241   
354425.653300487  0.568877571   
354425.775370675  -0.707033044  
354425.897440863  0.852271955   
354426.019511051  0.189726053   
354426.141581239  -0.055207041  
354426.263651427  0.741974143   
354426.385721615  0.297251138   
354426.507791804  -0.626651824  
354426.629861992  -1.040257117  
354426.751933180  0.951033693   
354426.874003367  0.049868762   
354426.996073555  0.657538607   
354427.118143744  2.026934658   
354427.240213932  -0.143801311  
354427.362284120  -0.164059382  
354427.484354308  0.207929462   
354427.606424496  -1.016567577  
354427.728494684  -2.457300639  
354427.850564872  -3.125067031  
354427.972636060  -0.597478761  
354428.094706248  -0.446844290  
354428.216776436  -0.692762797  
354428.338846624  0.328565544   
354428.460916812  -1.130661746  
354428.582987000  0.646218290   
354428.705057188  -0.152168615  
354428.827127376  -0.671834460  
354428.949197564  -1.957983292  
354429.071267752  -1.608890955  
354429.193338940  0.621158343   
354429.315409128  0.526315304   
354429.437479316  0.539551819   
354429.559549504  0.695618364   
354429.681619692  -0.604117883  
354429.803689880  1.429171857   
354429.925760068  0.265592755   
354430.047830256  -1.114704334  
354430.169900444  -0.641145415  
354430.291970632  0.790651553   
354430.414041820  0.315144001   
354430.536112008  -0.762643099  
354430.658182196  -0.743763733  
354430.780252384  0.092412820   
354430.902322572  -1.011564408  
354431.024392760  -0.905574131  
354431.146462948  0.476230501   
354431.268533136  -0.475524908  
354431.390603324  -0.429018478  
354431.512673512  -0.231562289  
354431.634744700  -0.524070018  
354431.756814888  -0.604260614  
354431.878885076  -0.974192141  
354432.000955264  -1.793515539  
354432.123025452  -0.290325322  
354432.245095640  -0.172194523  
354432.367165828  -0.442139955  
354432.489236016  -0.033213159  
354432.611306204  -0.589417072  
354432.733376392  0.152285550   
354432.855447580  0.167400139   
354432.977517768  -0.891317161  
354433.099587956  0.420390844   
354433.221658144  0.954620459   
354433.343728332  0.528030446   
354433.465798520  -0.835682922  
354433.587868708  -1.042341178  
354433.709938896  -0.306470513  
354433.832009084  0.213221982   
354433.954079272  -1.624050781  
354434.076149460  -0.711589053  
354434.198220648  -1.246239653  
354434.320290836  -0.060600800  
354434.442361024  -0.466489566  
354434.564431212  0.341381169   
354434.686501400  1.484828382   
354434.808571588  0.342418600   
354434.930641776  -0.398483923  
354435.052711964  -0.768969256  
354435.174782152  -0.898789907  
354435.296852340  0.038247658   
354435.418923528  -0.192031561  
354435.540993716  -1.420252834  
354435.663063904  -1.721056123  
354435.785134092  0.872177939   
354435.907204280  1.035013060   
354436.029274468  -0.051556259  
354436.151344656  -0.820448649  
354436.273414844  0.460683310   
354436.395485032  0.323870645   
354436.517555220  0.829381897   
354436.639626408  -0.213695507  
354436.761696596  -0.494707754  
354436.883766784  -1.143638406  
354437.005836972  -0.716453759  
354437.127907160  -0.881060450  
354437.249977348  -0.635301508  
354437.372047536  -1.496818254  
354437.494117724  -1.504719667  
354437.616187912  -0.635471742  
354437.738258100  -0.467194638  
354437.860329288  0.439769341   
354437.982399476  -0.450697124  
354438.104469664  -0.376428250  
354438.226539852  0.006099736   
354438.348610040  -1.022653795  
354438.470680228  -0.568491107  
354438.592750417  -0.863145111  
354438.714820605  -0.085738276  
354438.836890793  -0.737172504  
354438.958960981  -0.750174770  
354439.081032169  -0.542809972  
354439.203102357  -0.683127748  
354439.325172545  -0.018729413  
354439.447242733  -1.108600572  
354439.569312921  0.705754630   
354439.691383109  1.603250949   
354439.813453297  0.676274767   
354439.935523485  -0.574440757  
354440.057593673  -0.700292920  
354440.179663861  0.034786765   
354440.301735049  0.538309918   
354440.423805237  1.083687624   
354440.545875425  2.237424836   
354440.667945613  3.789745503   
354440.790015801  3.118641294   
354440.912085989  2.910736869   
354441.034156177  3.809659075   
354441.156226365  5.389154572   
354441.278296553  4.721606781   
354441.400366741  4.663492534   
354441.522436929  4.685809296   
354441.644508117  4.074458132   
354441.766578305  2.982992858   
354441.888648493  4.140557724   
354442.010718681  4.155742208   
354442.132788869  3.737594658   
354442.254859057  4.970516710   
354442.376929245  4.725190703   
354442.498999433  3.868518273   
354442.621069621  3.872163839   
354442.743139809  3.529891289   
354442.865210997  3.676793181   
354442.987281185  3.050579981   
354443.109351373  2.853643077   
354443.231421561  4.440211579   
354443.353491749  4.668386640   
354443.475561937  4.529705291   
354443.597632125  3.900854177   
354443.719702313  5.823089775   
354443.841772501  4.676281414   
354443.963842689  4.376746581   
354444.085913877  4.743247350   
354444.207984065  3.108047435   
354444.330054253  3.919576586   
354444.452124441  3.810358978   
354444.574194629  4.016618915   
354444.696264817  4.894319261   
354444.818335005  6.148535249   
354444.940405193  4.744631982   
354445.062475381  4.535649726   
354445.184545569  4.834941299   
354445.306616757  5.048876461   
354445.428686945  5.580172174   
354445.550757133  6.423332584   
354445.672827321  5.596579117   
354445.794897509  5.311477653   
354445.916967697  3.950773488   
354446.039037885  2.648426830   
354446.161108073  4.139547227   
354446.283178261  3.041981510   
354446.405248449  3.102915286   
354446.527319637  3.166270271   
354446.649389825  2.707967438   
354446.771460013  3.603366893   
354446.893530201  4.439655355   
354447.015600389  3.471976676   
354447.137670577  2.985680088   
354447.259740765  3.060893121   
354447.381810953  2.981873772   
354447.503881141  2.634127183   
354447.625951329  1.304249579   
354447.748021517  1.163212458   
354447.870092705  0.845151531   
354447.992162893  1.356216913   
354448.114233081  0.821299344   
354448.236303269  1.662135754   
354448.358373457  1.579596499   
354448.480443645  1.021907421   
354448.602513833  1.853511843   
354448.724584021  0.265047628   
354448.846654209  0.849881093   
354448.968724397  0.619990416   
354449.090795585  0.105253387   
354449.212865773  0.305341231   
354449.334935961  1.148507380   
354449.457006149  1.237412149   
354449.579076337  -0.001177000  
354449.701146525  0.193295512   
354449.823216713  0.195527046   
354449.945286901  -0.171414624  
354450.067357089  0.658939361   
354450.189427277  0.418364255   
354450.311498465  1.500543009   
354450.433568653  0.509257773   
354450.555638842  0.848205783   
354450.677709030  0.394610462   
354450.799779218  -0.313058090  
354450.921849406  -0.504183949  
354451.043919594  -0.549193506  
354451.165989782  0.445651894   
354451.288059970  -1.020735225  
354451.410130158  -0.122737214  
354451.532201346  0.560404760   
354451.654271534  0.428669902   
354451.776341722  0.030577611   
354451.898411910  0.196131684   
354452.020482098  -0.633823461  
354452.142552286  -1.032949863  
354452.264622474  -0.983625185  
354452.386692662  0.443688609   
354452.508762850  -0.334860689  
354452.630833038  -1.001455644  
354452.752904226  -0.472119803  
354452.874974414  0.427919640   
354452.997044602  1.024504555   
354453.119114790  0.012699662   
354453.241184978  -0.161148951  
354453.363255166  0.310349901   
354453.485325354  -0.120877397  
354453.607395542  -0.616407443  
354453.729465730  0.001902356   
354453.851535918  0.370712658   
354453.973607106  1.199179703   
354454.095677294  0.941708764   
354454.217747482  -0.954311288  
354454.339817670  -0.740363323  
354454.461887858  -0.284517738  
354454.583958046  -1.487816722  
354454.706028234  -1.550449991  
354454.828098422  -0.180707545  
354454.950168610  1.497224634   
354455.072238798  0.535185960   
354455.194308986  -0.002197525  
354455.316380174  0.196961942   
354455.438450362  0.387629687   
354455.560520550  1.830263299   
354455.682590738  0.124426750   
354455.804660926  1.542172546   
354455.926731114  3.745510771   
354456.048801302  2.084979673   
354456.170871490  0.971129828   
354456.292941678  1.627714840   
354456.415011866  1.771100619   
354456.537083054  3.313260836   
354456.659153242  1.193602765   
354456.781223430  2.007940538   
354456.903293618  2.054495003   
354457.025363806  2.394358198   
354457.147433994  0.811925099   
354457.269504182  1.164044660   
354457.391574370  0.107880348   
354457.513644558  2.047124682   
354457.635714746  0.961867492   
354457.757785934  2.019724612   
354457.879856122  0.616001537   
354458.001926310  2.096776550   
354458.123996498  1.609618835   
354458.246066686  1.752061452   
354458.368136874  2.265381603   
354458.490207062  1.555721552   
354458.612277250  2.268138539   
354458.734347438  2.700787267   
354458.856417626  2.460360107   
354458.978488814  3.593363873   
354459.100559002  3.503983967   
354459.222629190  1.578601176   
354459.344699378  3.383621492   
354459.466769566  3.389273826   
354459.588839754  2.876511795   
354459.710909942  1.666060143   
354459.832980130  2.616492090   
354459.955050318  3.347286751   
354460.077120506  3.214939145   
354460.199191694  1.660558127   
354460.321261882  3.545862453   
354460.443332070  1.778648288   
354460.565402258  1.819948737   
354460.687472446  2.462409078   
354460.809542634  3.139851773   
354460.931612822  2.506331319   
354461.053683010  2.546178853   
354461.175753198  1.475530956   
354461.297823386  0.304650290   
354461.419894574  0.046574096   
354461.541964762  0.141848458   
354461.664034950  -0.169917751  
354461.786105138  2.525227281   
354461.908175326  1.878748662   
354462.030245515  1.007730589   
354462.152315703  2.046301489   
354462.274385891  0.512176881   
354462.396456079  0.852274800   
354462.518526267  0.036216208   
354462.640596455  -1.189268676  
354462.762667643  -1.414511826  
354462.884737831  -0.815985581  
354463.006808019  1.540953406   
354463.128878207  1.615322856   
354463.250948395  0.777597601   
354463.373018583  0.825088115   
354463.495088771  -0.110666493  
354463.617158959  -0.552758460  
354463.739229147  -0.286510992  
354463.861299335  0.328850627   
354463.983370523  0.510249302   
354464.105440711  0.021405983   
354464.227510899  0.160437051   
354464.349581087  -0.650663813  
354464.471651275  -1.314820203  
354464.593721463  -0.731803735  
354464.715791651  0.536443509   
354464.837861839  -0.475386444  
354464.959932027  -0.044142592  
354465.082002215  -0.058970443  
354465.204073403  0.497112841   
354465.326143591  -0.956925493  
354465.448213779  -0.053258171  
354465.570283967  0.461408867   
354465.692354155  -0.682353397  
354465.814424343  -1.189872793  
354465.936494531  0.033827073   
354466.058564719  1.344797965   
354466.180634907  -0.681530205  
354466.302705095  0.423422098   
354466.424776283  -0.061903445  
354466.546846471  -0.392372859  
354466.668916659  -0.712306501  
354466.790986847  -0.239669832  
354466.913057035  -1.630991013  
354467.035127223  -1.499017069  
354467.157197411  -0.983612856  
354467.279267599  -0.965394036  
354467.401337787  -0.223554894  
354467.523407975  0.516785051   
354467.645479163  -1.598947683  
354467.767549351  -1.948888345  
354467.889619539  -0.340365029  
354468.011689727  0.304868844   
354468.133759915  -1.003343865  
354468.255830103  -0.459549002  
354468.377900291  -0.997332096  
354468.499970479  1.196664130   
354468.622040667  -1.636757626  
354468.744110855  -2.153539358  
354468.866181043  -0.483480378  
354468.988252231  -2.159743174  
354469.110322419  -1.685415594  
354469.232392607  -2.525258578  
354469.354462795  -0.957922712  
354469.476532983  -0.462558159  
354469.598603171  -1.801137181  
354469.720673359  -0.325692006  
354469.842743547  -0.909874078  
354469.964813735  -1.310909091  
354470.086883923  -1.927824864  
354470.208955111  -1.145057180  
354470.331025299  -0.684570706  
354470.453095487  -0.441834387  
354470.575165675  -1.089331423  
354470.697235863  -0.312473794  
354470.819306051  -0.894601869  
354470.941376239  0.097427418   
354471.063446427  -0.598741527  
354471.185516615  -1.751888847  
354471.307586803  -0.774559945  
354471.429657991  -0.672781416  
354471.551728179  -0.296647353  
354471.673798367  0.891553781   
354471.795868555  0.228383610   
354471.917938743  -0.989979319  
354472.040008931  -0.291992523  
354472.162079119  0.696312577   
354472.284149307  0.359616965   
354472.406219495  2.038427105   
354472.528289683  2.039315261   
354472.650360871  -0.235923643  
354472.772431059  -1.048314539  
354472.894501247  0.991496724   
354473.016571435  1.925703816   
354473.138641623  -0.062267859  
354473.260711811  1.122137249   
354473.382781999  0.602523185   
354473.504852187  -0.086607560  
354473.626922375  -0.460874693  
354473.748992563  -0.081790462  
354473.871063751  1.654875444   
354473.993133939  -0.277057652  
354474.115204128  1.286224702   
354474.237274315  0.185819636   
354474.359344503  0.510482604   
354474.481414692  1.013293776   
354474.603484880  0.440798663   
354474.725555068  0.872305971   
354474.847625256  0.102654262   
354474.969695444  0.627949206   
354475.091766632  1.333021004   
354475.213836820  0.786458773   
354475.335907008  -0.472925877  
354475.457977196  1.925669675   
354475.580047384  2.366447901   
354475.702117572  0.277767703   
354475.824187760  1.285328011   
354475.946257948  1.909360889   
354476.068328136  2.198377259   
354476.190398324  1.750094516   
354476.312468512  2.640142272   
354476.434539700  1.796661784   
354476.556609888  2.507853941   
354476.678680076  1.432797033   
354476.800750264  1.745725337   
354476.922820452  1.083034192   
354477.044890640  1.389677119   
354477.166960828  0.524197101   
354477.289031016  1.311849408   
354477.411101204  1.205989533   
354477.533171392  0.648123108   
354477.655242580  0.458020880   
354477.777312768  0.225495561   
354477.899382956  0.634422836   
354478.021453144  1.487086470   
354478.143523332  0.586185473   
354478.265593520  0.829391381   
354478.387663708  0.520914764   
354478.509733896  1.620983251   
354478.631804084  0.568331779   
354478.753874272  0.727276178   
354478.875945460  0.257804768   
354478.998015648  0.195588927   
354479.120085836  1.093952870   
354479.242156024  1.263428061   
354479.364226212  1.031745422   
354479.486296400  -0.078821327  
354479.608366588  -0.489586986  
354479.730436776  -0.292489948  
354479.852506964  0.414546226   
354479.974577152  -0.164433707  
354480.096648340  0.400867720   
354480.218718528  0.141853959   
354480.340788716  0.560862826   
354480.462858904  -0.165375351  
354480.584929092  0.016558703   
354480.706999280  1.002661981   
354480.829069468  1.178059320   
354480.951139656  -0.525991433  
354481.073209844  -1.397125682  
354481.195280032  -0.668612819  
354481.317351220  0.425593031   
354481.439421408  0.808769371   
354481.561491596  -0.113692863  
354481.683561784  -1.222751644  
354481.805631972  -0.610838566  
354481.927702160  0.282911802   
354482.049772348  -0.254304683  
354482.171842536  -0.423626379  
354482.293912724  -0.327550258  
354482.415982912  -0.304999341  
354482.538054100  -2.378810011  
354482.660124288  -1.299515749  
354482.782194476  0.266053288   
354482.904264664  -0.347812833  
354483.026334852  0.399244760   
354483.148405040  1.558400246   
354483.270475228  0.743527587   
354483.392545416  -0.156039658  
354483.514615604  -0.590983793  
354483.636685792  1.046558142   
354483.758755980  -0.292959205  
354483.880827168  0.319984903   
354484.002897356  -0.239472617  
354484.124967544  0.059188855   
354484.247037732  -0.524078080  
354484.369107920  0.019112221   
354484.491178108  -0.894075045  
354484.613248296  0.908773010   
354484.735318484  0.672214760   
354484.857388672  -0.294784027  
354484.979458860  -0.243352527  
354485.101530048  -0.039482622  
354485.223600236  0.392699290   
354485.345670424  1.102779901   
354485.467740612  0.111827024   
354485.589810801  -0.237579654  
354485.711880988  -0.287939676  
354485.833951176  -0.571112898  
354485.956021365  0.817839186   
354486.078091553  -0.312585418  
354486.200161741  -0.929913310  
354486.322232929  -0.583283436  
354486.444303117  1.342988933   
354486.566373305  -1.381901840  
354486.688443493  0.113085095   
354486.810513681  1.745797888   
354486.932583869  2.067058644   
354487.054654057  1.755214810   
354487.176724245  1.769512086   
354487.298794433  0.245717356   
354487.420864621  -0.494088937  
354487.542935809  -0.044590762  
354487.665005997  -0.475492189  
354487.787076185  -0.176765801  
354487.909146373  0.177342415   
354488.031216561  -1.246616634  
354488.153286749  -2.692966940  
354488.275356937  -1.751526093  
354488.397427125  -1.797067690  
354488.519497313  -1.158034787  
354488.641567501  -0.486288052  
354488.763638689  -0.552931065  
354488.885708877  -0.709604572  
354489.007779065  -0.630025206  
354489.129849253  -1.092905386  
354489.251919441  -1.717485478  
354489.373989629  0.782982967   
354489.496059817  -0.014568887  
354489.618130005  -0.851376211  
354489.740200193  -1.312240614  
354489.862270381  -0.664426204  
354489.984340569  -1.264632501  
354490.106411757  -1.446194298  
354490.228481945  0.918096043   
354490.350552133  -0.914410171  
354490.472622321  -1.182811169  
354490.594692509  -1.021998465  
354490.716762697  -1.908787594  
354490.838832885  -1.265201054  
354490.960903073  -0.868437536  
354491.082973261  -0.658898107  
354491.205043449  -0.985522890  
354491.327114637  0.366604331   
354491.449184825  -0.244719757  
354491.571255013  -0.084755851  
354491.693325201  -1.089170199  
354491.815395389  0.151853849   
354491.937465577  0.594429251   
354492.059535765  0.548023682   
354492.181605953  -1.867857486  
354492.303676141  -2.432046749  
354492.425746329  -1.368491772  
354492.547817517  -0.821005347  
354492.669887705  0.613121312   
354492.791957893  1.707132507   
354492.914028081  0.229082944   
354493.036098269  -0.021945690  
354493.158168457  -0.366787843  
354493.280238645  0.524646632   
354493.402308833  0.133222437   
354493.524379021  -0.369676460  
354493.646449209  -0.646375721  
354493.768520397  -0.410732892  
354493.890590585  0.838839125   
354494.012660773  0.076533033   
354494.134730961  -0.267773409  
354494.256801149  1.216452516   
354494.378871337  -0.091082720  
354494.500941525  0.114850264   
354494.623011713  0.199307471   
354494.745081901  0.760802296   
354494.867152089  0.828039942   
354494.989223277  0.373387891   
354495.111293465  -0.594342949  
354495.233363653  -0.730188173  
354495.355433841  -0.179323814  
354495.477504029  0.178789071   
354495.599574217  -1.576294721  
354495.721644405  -0.142315772  
354495.843714593  1.273690461   
354495.965784781  1.158560189   
354496.087854969  -0.122334865  
354496.209926157  0.952723229   
354496.331996345  0.770171799   
354496.454066533  0.277372751   
354496.576136721  0.748414106   
354496.698206909  0.693794158   
354496.820277097  0.515706745   
354496.942347285  -0.716236581  
354497.064417473  0.545206050   
354497.186487661  -0.070470904  
354497.308557849  1.628690247   
354497.430628037  2.334198299   
354497.552699225  1.526122193   
354497.674769413  0.365675537   
354497.796839601  1.032624569   
354497.918909789  1.395656644   
354498.040979978  2.438493824   
354498.163050166  1.406327322   
354498.285120354  -0.339179651  
354498.407190542  -0.947711524  
354498.529260730  0.032807993   
354498.651330918  1.015883796   
354498.773402106  -0.351536972  
354498.895472294  -0.607491739  
354499.017542482  -0.377009511  
354499.139612670  0.328607510   
354499.261682858  2.375727308   
354499.383753046  1.481998895   
354499.505823234  2.033575676   
354499.627893422  1.606418058   
354499.749963610  1.613592540   
354499.872033798  2.628674957   
354499.994104986  3.260140275   
354500.116175174  2.912422611   
354500.238245362  3.638318899   
354500.360315550  4.137218959   
354500.482385738  3.655150715   
354500.604455926  3.498430264   
354500.726526114  4.804550519   
354500.848596302  4.992400538   
354500.970666490  5.615418651   
354501.092736678  4.013550911   
354501.214807866  5.487520362   
354501.336878054  6.835436120   
354501.458948242  5.438342209   
354501.581018430  5.666166370   
354501.703088618  7.832020420   
354501.825158806  7.397032517   
354501.947228994  8.413499566   
354502.069299182  9.664116459   
354502.191369370  11.351698624  
354502.313439558  12.306430992  
354502.435510746  14.116463012  
354502.557580934  14.732202322  
354502.679651122  17.649954345  
354502.801721310  19.117285148  
354502.923791498  19.130230511  
354503.045861686  18.976294498  
354503.167931874  17.827761038  
354503.290002062  16.393353185  
354503.412072250  21.715789348  
354503.534142438  26.573491725  
354503.656213626  30.727265100  
354503.778283814  33.288185070  
354503.900354002  29.513630216  
354504.022424190  35.397767098  
354504.144494378  45.045671031  
354504.266564566  50.432905137  
354504.388634754  56.407498334  
354504.510704942  57.017352957  
354504.632775130  33.827034615  
354504.754845318  -20.514307931 
354504.876915506  -48.673521256 
354504.998986694  -49.007587489 
354505.121056882  -47.130339162 
354505.243127070  -44.115572788 
354505.365197258  -46.024729301 
354505.487267446  -50.668529709 
354505.609337634  -51.894213738 
354505.731407822  -33.558373287 
354505.853478010  9.178091582   
354505.975548198  35.512354898  
354506.097618386  47.405819329  
354506.219689574  51.877380025  
354506.341759762  54.104693726  
354506.463829950  55.597393647  
354506.585900138  53.073901423  
354506.707970326  50.585546614  
354506.830040514  43.685402646  
354506.952110702  39.273267331  
354507.074180890  41.236519339  
354507.196251078  38.680502484  
354507.318321266  34.982567107  
354507.440392454  27.720479329  
354507.562462642  24.287222091  
354507.684532830  27.683990476  
354507.806603018  29.829961776  
354507.928673206  26.791922200  
354508.050743394  26.596001482  
354508.172813582  24.765740555  
354508.294883770  25.967203004  
354508.416953958  23.935131930  
354508.539024146  22.709281934  
354508.661095334  23.799874226  
354508.783165522  22.661379350  
354508.905235710  20.361448327  
354509.027305898  20.873335479  
354509.149376086  18.884078940  
354509.271446274  17.740823205  
354509.393516462  15.299583826  
354509.515586651  14.096200911  
354509.637656839  13.339376113  
354509.759727027  11.971824183  
354509.881798215  11.574444219  
354510.003868403  9.968569582   
354510.125938591  9.286657180   
354510.248008779  8.322844091   
354510.370078967  6.585410425   
354510.492149155  7.801435222   
354510.614219343  8.166907000   
354510.736289531  6.560088726   
354510.858359719  5.213666663   
354510.980429907  5.992873188   
354511.102500095  7.099711199   
354511.224571283  6.534093678   
354511.346641471  4.915553449   
354511.468711659  3.956842161   
354511.590781847  3.245251211   
354511.712852035  3.901517094   
354511.834922223  4.365381691   
354511.956992411  4.027624844   
354512.079062599  3.444215274   
354512.201132787  4.499502289   
354512.323202975  3.278117732   
354512.445274163  4.395791439   
354512.567344351  3.833849832   
354512.689414539  3.172311441   
354512.811484727  3.539623547   
354512.933554915  3.594125895   
354513.055625103  2.778862979   
354513.177695291  3.190507025   
354513.299765479  3.436318602   
354513.421835667  2.718306658   
354513.543905855  2.169844351   
354513.665977043  1.581006264   
354513.788047231  2.341966939   
354513.910117419  2.615880386   
354514.032187607  3.106355528   
354514.154257795  1.530404595   
354514.276327983  2.916972930   
354514.398398171  2.777250262   
354514.520468359  0.709793773   
354514.642538547  0.676322186   
354514.764608735  2.538262266   
354514.886679923  1.974845931   
354515.008750111  1.492842652   
354515.130820299  1.055778749   
354515.252890487  -0.182622605  
354515.374960675  0.510348882   
354515.497030863  0.731370801   
354515.619101051  0.234471297   
354515.741171239  0.341423988   
354515.863241427  -1.206230421  
354515.985311615  -0.249672140  
354516.107382803  1.645622592   
354516.229452991  0.707608236   
354516.351523179  0.219625526   
354516.473593367  1.420065055   
354516.595663555  2.025925109   
354516.717733743  0.140344188   
354516.839803931  0.873221156   
354516.961874119  2.450472790   
354517.083944307  0.621904243   
354517.206014495  1.080794122   
354517.328085683  2.166848898   
354517.450155871  -0.187396030  
354517.572226059  -0.384404632  
354517.694296247  0.284892869   
354517.816366435  1.619810107   
354517.938436623  1.423691179   
354518.060506811  0.798291214   
354518.182576999  2.672629443   
354518.304647187  1.999844707   
354518.426717375  1.384333482   
354518.548787563  1.075588948   
354518.670858751  2.406123778   
354518.792928939  0.719778773   
354518.914999127  0.436206995   
354519.037069315  -0.601425438  
354519.159139503  -0.529010595  
354519.281209691  1.152778875   
354519.403279879  0.602369074   
354519.525350067  0.633885579   
354519.647420255  1.289769266   
354519.769490443  2.087634184   
354519.891561631  0.267306190   
354520.013631819  -0.631993565  
354520.135702007  1.565392164   
354520.257772195  0.087758464   
354520.379842383  -1.717742963  
354520.501912571  -0.754291680  
354520.623982759  -0.068773212  
354520.746052947  2.022469693   
354520.868123135  1.258673840   
354520.990193324  0.897610599   
354521.112264512  0.887943779   
354521.234334700  -0.810205690  
354521.356404888  0.944582350   
354521.478475076  -0.733981686  
354521.600545264  0.830718162   
354521.722615452  0.907535851   
354521.844685640  -0.496797980  
354521.966755828  1.174451215   
354522.088826016  0.705850416   
354522.210896204  1.712629308   
354522.332967392  1.827070109   
354522.455037580  1.810124487   
354522.577107768  1.799404019   
354522.699177956  2.445920574   
354522.821248144  1.455563326   
354522.943318332  0.798552018   
354523.065388520  1.670386170   
354523.187458708  1.692692975   
354523.309528896  3.171087084   
354523.431599084  3.119493886   
354523.553670272  3.165886178   
354523.675740460  3.113020730   
354523.797810648  3.515397225   
354523.919880836  3.575722142   
354524.041951024  4.783468071   
354524.164021212  3.613230975   
354524.286091400  4.554627722   
354524.408161588  3.229095113   
354524.530231776  3.285976943   
354524.652301964  2.158375139   
354524.774373152  1.918575806   
354524.896443340  1.665571254   
354525.018513528  2.499154467   
354525.140583716  3.733785971   
354525.262653904  1.661642123   
354525.384724092  0.778956627   
354525.506794280  1.945902376   
354525.628864468  1.260383292   
354525.750934656  3.523384940   
354525.873004844  2.052737658   
354525.995075032  1.713580057   
354526.117146220  0.347676599   
354526.239216408  1.988139349   
354526.361286596  2.698007096   
354526.483356784  2.083192929   
354526.605426972  2.583345322   
354526.727497160  1.456630252   
354526.849567348  2.133598757   
354526.971637536  2.235702107   
354527.093707724  2.426851059   
354527.215777912  2.715609944   
354527.337849100  2.113910900   
354527.459919288  2.724749939   
354527.581989476  2.810533596   
354527.704059664  3.469693929   
354527.826129852  1.878908938   
354527.948200040  0.518621111   
354528.070270228  0.484076908   
354528.192340416  1.506484125   
354528.314410604  1.686049111   
354528.436480792  2.688245439   
354528.558551980  2.053086662   
354528.680622168  1.058035890   
354528.802692356  -0.403908125  
354528.924762544  1.452862819   
354529.046832732  1.628892252   
354529.168902920  0.173435997   
354529.290973108  0.714091823   
354529.413043296  1.516575817   
354529.535113484  0.339301613   
354529.657183672  0.365635231   
354529.779254860  0.788197624   
354529.901325048  -0.196264125  
354530.023395236  1.259249980   
354530.145465424  1.166903546   
354530.267535612  0.250555507   
354530.389605800  0.772256809   
354530.511675988  1.567125800   
354530.633746176  -0.110313175  
354530.755816364  1.028014502   
354530.877886552  0.862668077   
354530.999957740  0.694085784   
354531.122027928  -0.127796528  
354531.244098116  1.490360746   
354531.366168304  2.383641998   
354531.488238492  2.732498664   
354531.610308680  -0.384475713  
354531.732378868  -0.755358131  
354531.854449056  0.039846780   
354531.976519244  -0.509203715  
354532.098589432  -0.037932118  
354532.220659620  0.460134199   
354532.342730808  1.090559573   
354532.464800996  -1.062080723  
354532.586871184  -1.436802508  
354532.708941372  1.080099909   
354532.831011560  0.558525548   
354532.953081748  1.037777108   
354533.075151937  0.486825308   
354533.197222124  -0.685324666  
354533.319292312  0.452423267   
354533.441362501  -0.236854287  
354533.563433689  -0.140660520  
354533.685503877  -0.180497527  
354533.807574065  -1.480323111  
354533.929644253  -1.774125472  
354534.051714441  -1.109057216  
354534.173784629  -0.724532045  
354534.295854817  -0.913345142  
354534.417925005  -0.130507751  
354534.539995193  -2.207471732  
354534.662065381  -2.024775200  
354534.784136569  -0.958741163  
354534.906206757  -1.637644360  
354535.028276945  -2.174460108  
354535.150347133  -1.006038682  
354535.272417321  -2.133125991  
354535.394487509  -1.662812422  
354535.516557697  -0.275037417  
354535.638627885  -0.815082725  
354535.760698073  -1.247523758  
354535.882768261  -1.268360102  
354536.004839449  -1.245762619  
354536.126909637  -3.159254169  
354536.248979825  -3.085443314  
354536.371050013  -0.440297540  
354536.493120201  -0.426325843  
354536.615190389  -1.430289046  
354536.737260577  0.049300826   
354536.859330765  -0.031323136  
354536.981400953  -0.412660281  
354537.103471141  -0.996000098  
354537.225542329  -1.189428478  
354537.347612517  -0.534839802  
354537.469682705  -0.427838553  
354537.591752893  0.347816152   
354537.713823081  -0.399090079  
354537.835893269  -0.370253264  
354537.957963457  0.272039167   
354538.080033645  -1.256121280  
354538.202103833  -0.083683141  
354538.324174021  0.039536025   
354538.446245209  -1.847702078  
354538.568315397  -0.567298047  
354538.690385585  -0.091053510  
354538.812455773  -0.910038621  
354538.934525961  -0.817637181  
354539.056596149  0.520099159   
354539.178666337  0.056885196   
354539.300736525  0.615165541   
354539.422806713  0.271509640   
354539.544876901  -0.249858402  
354539.666947089  -0.779860905  
354539.789018277  -0.802564132  
354539.911088465  0.510493036   
354540.033158653  -0.236907870  
354540.155228841  -1.159487229  
354540.277299029  -1.472838036  
354540.399369217  -0.272790187  
354540.521439405  -0.692764219  
354540.643509593  0.230389145   
354540.765579781  -0.096826430  
354540.887649969  0.085453621   
354541.009721157  1.033361459   
354541.131791345  -0.030892634  
354541.253861533  0.122124657   
354541.375931721  -0.123990354  
354541.498001909  -0.386506902  
354541.620072097  -0.422028030  
354541.742142285  0.068770035   
354541.864212473  -0.701927450  
354541.986282661  0.121308957   
354542.108352849  -0.824872359  
354542.230424037  -0.273712580  
354542.352494225  -1.278035930  
354542.474564413  -0.564805235  
354542.596634601  -1.558352353  
354542.718704789  -0.839904628  
354542.840774977  -0.810567022  
354542.962845165  -0.514305042  
354543.084915353  -0.394170699  
354543.206985541  -1.674205289  
354543.329055729  -1.137750874  
354543.451126917  -1.269582561  
354543.573197105  -0.960930968  
354543.695267293  -1.257267870  
354543.817337481  -1.084776837  
354543.939407669  -1.279866775  
354544.061477857  0.016280193   
354544.183548045  0.395170717   
354544.305618233  0.150608628   
354544.427688421  -0.761105777  
354544.549758610  -0.771515651  
354544.671829798  -0.142652730  
354544.793899985  -0.421739059  
354544.915970173  0.572345316   
354545.038040362  0.083612297   
354545.160110550  0.250431839   
354545.282180738  -0.120541055  
354545.404250926  0.167712535   
354545.526321114  0.431972107   
354545.648391302  -0.600530643  
354545.770461490  -0.658527291  
354545.892532678  -0.322463442  
354546.014602866  -0.234322639  
354546.136673054  -1.221646783  
354546.258743242  -1.225777919  
354546.380813430  -0.053662655  
354546.502883618  -0.714981402  
354546.624953806  -0.433039981  
354546.747023994  -0.279847923  
354546.869094182  -0.064629795  
354546.991164370  -1.460883728  
354547.113234558  -0.380383888  
354547.235305746  -0.591470311  
354547.357375934  -0.627133600  
354547.479446122  -0.453879407  
354547.601516310  0.146254102   
354547.723586498  -0.325773519  
354547.845656686  -0.935125596  
354547.967726874  1.280309193   
354548.089797062  -0.578875374  
354548.211867250  0.398175558   
354548.333937438  1.694800271   
354548.456008626  0.674054614   
354548.578078814  -1.030668065  
354548.700149002  -0.748531230  
354548.822219190  -0.418822938  
354548.944289378  -0.058177220  
354549.066359566  0.909903477   
354549.188429754  -0.223322494  
354549.310499942  1.198646714   
354549.432570130  -0.605461261  
354549.554640318  0.227092155   
354549.676711506  1.610930442   
354549.798781694  -1.333704784  
354549.920851882  -2.622510972  
354550.042922070  -0.922518330  
354550.164992258  0.113076322   
354550.287062446  -1.327044324  
354550.409132634  -1.239845213  
354550.531202822  -0.078836881  
354550.653273010  -0.520039885  
354550.775343198  -0.087293285  
354550.897414386  -1.677405118  
354551.019484574  -0.194645813  
354551.141554762  -0.781808874  
354551.263624950  -0.167664831  
354551.385695138  1.569828204   
354551.507765326  0.441668469   
354551.629835514  -0.174950510  
354551.751905702  -0.509816842  
354551.873975890  1.329433289   
354551.996046078  1.552497540   
354552.118117266  0.515932459   
354552.240187454  1.213443786   
354552.362257642  0.801297573   
354552.484327830  -0.736138298  
354552.606398018  0.269762964   
354552.728468206  -0.233696092  
354552.850538394  0.760671420   
354552.972608582  0.442514896   
354553.094678770  0.220419888   
354553.216748958  -0.979443311  
354553.338819146  -0.175137340  
354553.460890334  0.703961721   
354553.582960522  0.236211618   
354553.705030710  -1.058901285  
354553.827100898  0.280077336   
354553.949171086  -0.721967630  
354554.071241274  -0.032132904  
354554.193311462  0.638524097   
354554.315381650  0.166831254   
354554.437451838  -0.763617557  
354554.559522026  -0.058074320  
354554.681593214  -0.616777784  
354554.803663402  -0.769920005  
354554.925733590  -0.097874768  
354555.047803778  -0.463105847  
354555.169873966  0.563339990   
354555.291944154  0.494117863   
354555.414014342  2.015149635   
354555.536084530  0.510613006   
354555.658154718  -0.499482364  
354555.780224906  -0.022079881  
354555.902296094  0.127501629   
354556.024366282  -0.615715127  
354556.146436470  -0.947466842  
354556.268506658  0.433517015   
354556.390576846  -0.486150537  
354556.512647034  0.700398664   
354556.634717222  0.783337660   
354556.756787410  0.654566863   
354556.878857598  0.528019065   
354557.000927787  0.073328131   
354557.122998975  -1.162371247  
354557.245069163  -0.167332614  
354557.367139351  0.398737093   
354557.489209539  0.845533253   
354557.611279727  -0.686179629  
354557.733349915  -0.404045972  
354557.855420103  0.092666891   
354557.977490291  -1.192861133  
354558.099560479  -0.540718798  
354558.221630667  0.186857446   
354558.343701855  -0.206882168  
354558.465772043  0.623749313   
354558.587842231  0.720324565   
354558.709912419  0.604680746   
354558.831982607  1.027823404   
354558.954052795  -0.651861140  
354559.076122983  -1.205258807  
354559.198193171  -0.067294643  
354559.320263359  0.022911827   
354559.442333547  -0.094621641  
354559.564404735  -0.240336020  
354559.686474923  -0.736244516  
354559.808545111  -1.653647769  
354559.930615299  0.232526742   
354560.052685487  -1.504861924  
354560.174755675  0.721025891   
354560.296825863  0.495246907   
354560.418896051  0.112293057   
354560.540966239  -0.846124567  
354560.663036427  1.116957681   
354560.785106615  0.914267440   
354560.907177803  -0.130171124  
354561.029247991  -0.379378038  
354561.151318179  -0.090355740  
354561.273388367  -1.074651476  
354561.395458555  -0.094569243  
354561.517528743  -0.087485142  
354561.639598931  -1.620149153  
354561.761669119  0.611033932   
354561.883739307  0.082489275   
354562.005809495  -0.365482779  
354562.127880683  -0.362752778  
354562.249950871  -1.451215486  
354562.372021059  0.294462005   
354562.494091247  0.487488699   
354562.616161435  -0.032800685  
354562.738231623  0.637849800   
354562.860301811  -0.985375417  
354562.982371999  -0.396799841  
354563.104442187  -0.220737926  
354563.226512375  -0.334552514  
354563.348583563  -1.665398649  
354563.470653751  0.070666650   
354563.592723939  -0.343802426  
354563.714794127  -0.547378310  
354563.836864315  1.186502257   
354563.958934503  -0.011956925  
354564.081004691  -0.148204869  
354564.203074879  0.160073538   
354564.325145067  0.394509128   
354564.447215255  -0.517584534  
354564.569286443  0.514751254   
354564.691356631  2.656901538   
354564.813426819  1.400787845   
354564.935497007  1.314345065   
354565.057567195  0.420046204   
354565.179637383  0.664687956   
354565.301707571  -0.206147554  
354565.423777759  0.842601816   
354565.545847947  -1.460944424  
354565.667918135  0.059257659   
354565.789989323  0.216496969   
354565.912059511  0.872841804   
354566.034129699  1.272543872   
354566.156199887  0.091718133   
354566.278270075  1.457675839   
354566.400340263  0.652667262   
354566.522410451  1.245704294   
354566.644480639  0.229278262   
354566.766550827  0.038194388   
354566.888621015  -1.201113920  
354567.010692203  0.754041782   
354567.132762391  1.978748034   
354567.254832579  0.700212308   
354567.376902767  -0.509556038  
354567.498972955  0.796941672   
354567.621043143  1.686231200   
354567.743113331  -0.095180093  
354567.865183519  -0.891135072  
354567.987253707  0.048878987   
354568.109323895  1.135389412   
354568.231394083  1.359250775   
354568.353465271  1.213138882   
354568.475535459  -0.118717845  
354568.597605648  -1.000457002  
354568.719675836  0.702608860   
354568.841746024  -0.613332326  
354568.963816212  0.823607697   
354569.085886400  0.884453273   
354569.207956588  0.408539483   
354569.330026776  0.698388577   
354569.452096964  -0.244007524  
354569.574168152  1.850624031   
354569.696238340  2.146495279   
354569.818308528  2.319210129   
354569.940378716  0.698201272   
354570.062448904  0.469335744   
354570.184519092  0.645770181   
354570.306589280  0.921457095   
354570.428659468  1.586992901   
354570.550729656  0.179923568   
354570.672799844  0.279741515   
354570.794871032  0.046416087   
354570.916941220  0.372241586   
354571.039011408  -0.728176663  
354571.161081596  0.863707499   
354571.283151784  0.055876312   
354571.405221972  0.795486385   
354571.527292160  -0.008587285  
354571.649362348  0.223200675   
354571.771432536  2.381638075   
354571.893502724  2.876310265   
354572.015573912  1.704084420   
354572.137644100  1.454947829   
354572.259714288  1.625367130   
354572.381784476  1.336111768   
354572.503854664  0.619166275   
354572.625924852  1.287053585   
354572.747995040  1.476267846   
354572.870065228  1.332521683   
354572.992135416  1.298877491   
354573.114205604  2.166349577   
354573.236276792  2.120753923   
354573.358346980  0.427158661   
354573.480417168  0.992029239   
354573.602487356  0.967573883   
354573.724557544  2.459542131   
354573.846627732  0.259379692   
354573.968697920  -0.128829833  
354574.090768108  0.578138958   
354574.212838296  0.736205633   
354574.334908484  1.507155576   
354574.456978672  0.140801781   
354574.579049860  0.123869578   
354574.701120048  0.152086770   
354574.823190236  0.017109990   
354574.945260424  0.663003162   
354575.067330612  0.306397630   
354575.189400800  0.377857930   
354575.311470988  0.870997209   
354575.433541176  1.296065075   
354575.555611364  1.417027873   
354575.677681552  1.399507060   
354575.799752740  0.945066497   
354575.921822928  0.205134354   
354576.043893116  -0.838282901  
354576.165963304  -0.297984519  
354576.288033492  -0.458658712  
354576.410103680  0.913901366   
354576.532173868  0.426130334   
354576.654244056  -1.714715266  
354576.776314244  -1.615725442  
354576.898384432  0.804634442   
354577.020455620  -0.816893653  
354577.142525808  -0.141940309  
354577.264595996  -1.658037811  
354577.386666184  -0.695573316  
354577.508736372  -0.214246941  
354577.630806560  -0.103216745  
354577.752876748  -0.318456591  
354577.874946936  -1.198577957  
354577.997017124  -1.167477315  
354578.119087312  -0.290654788  
354578.241158500  0.139040784   
354578.363228688  -0.510845832  
354578.485298876  -1.155213362  
354578.607369064  -1.601165940  
354578.729439252  -0.874450728  
354578.851509440  -1.530999228  
354578.973579628  -0.237257490  
354579.095649816  0.512587529   
354579.217720004  -0.352708741  
354579.339790192  -1.509558293  
354579.461861380  -0.711577673  
354579.583931568  -1.167208450  
354579.706001756  -1.627486755  
354579.828071944  -1.631178317  
354579.950142132  -1.726266038  
354580.072212321  -3.190297908  
354580.194282509  -1.858459058  
354580.316352697  -0.693824506  
354580.438422885  -1.587968308  
354580.560493073  -2.160419842  
354580.682564261  -1.520236557  
354580.804634449  -0.762017169  
354580.926704637  -1.802171387  
354581.048774825  -1.148185879  
354581.170845013  -0.599885271  
354581.292915201  0.564695223   
354581.414985389  -1.195653158  
354581.537055577  -1.479935224  
354581.659125765  -1.533199465  
354581.781195953  -0.937677682  
354581.903266141  -1.303169376  
354582.025337329  -1.141978270  
354582.147407517  -2.390590291  
354582.269477705  1.036105591   
354582.391547893  0.634230315   
354582.513618081  -1.973010820  
354582.635688269  -1.301892859  
354582.757758457  -1.442189771  
354582.879828645  -0.410930582  
354583.001898833  0.099638040   
354583.123969021  0.045936473   
354583.246040209  -0.894792018  
354583.368110397  -0.518426694  
354583.490180585  -1.684188393  
354583.612250773  -0.504515882  
354583.734320961  -0.216599631  
354583.856391149  -2.773966028  
354583.978461337  -0.534790486  
354584.100531525  -0.168414382  
354584.222601713  -1.159812997  
354584.344671901  -1.234512482  
354584.466743089  -1.062543057  
354584.588813277  -0.285082023  
354584.710883465  -0.426932615  
354584.832953653  -0.682226315  
354584.955023841  -1.697471378  
354585.077094029  -1.607538093  
354585.199164217  0.332767097   
354585.321234405  1.032162709   
354585.443304593  -0.498228608  
354585.565374781  -1.454581755  
354585.687445969  -0.868146858  
354585.809516157  -2.826816302  
354585.931586345  -0.917150510  
354586.053656533  0.295061238   
354586.175726721  -1.273584717  
354586.297796909  -1.228004237  
354586.419867097  0.215378641   
354586.541937285  -0.983097887  
354586.664007473  -1.319547394  
354586.786077661  -1.404617870  
354586.908148849  -2.273253617  
354587.030219037  -0.649157788  
354587.152289225  -1.821770097  
354587.274359413  -1.667910903  
354587.396429601  -1.759117386  
354587.518499789  -2.433579328  
354587.640569977  -2.458895337  
354587.762640165  -0.720276198  
354587.884710353  -1.076955561  
354588.006780541  -1.168515315  
354588.128851729  -1.744070417  
354588.250921917  -1.761086694  
354588.372992105  -1.950564603  
354588.495062293  -1.265241834  
354588.617132481  -1.696115198  
354588.739202669  -0.443020097  
354588.861272857  -0.502813543  
354588.983343045  -0.575587347  
354589.105413233  0.100921338   
354589.227483421  -1.347247626  
354589.349553609  -2.212434595  
354589.471624797  -1.621587368  
354589.593694985  -1.644133164  
354589.715765173  -0.738616884  
354589.837835361  -0.782114726  
354589.959905549  -0.468594302  
354590.081975737  -2.003962566  
354590.204045925  -3.002680242  
354590.326116113  -0.871018073  
354590.448186301  -0.874510950  
354590.570256489  -0.494038199  
354590.692327677  -2.008685489  
354590.814397865  -1.153774672  
354590.936468053  -1.604846596  
354591.058538241  -0.843577697  
354591.180608429  0.245099060   
354591.302678617  -0.891222323  
354591.424748805  -1.342820596  
354591.546818993  -2.869928154  
354591.668889181  -1.912308448  
354591.790959369  -1.680278229  
354591.913030557  -1.307301460  
354592.035100746  -1.658520062  
354592.157170933  -1.110138367  
354592.279241121  -0.309577495  
354592.401311309  -1.545540237  
354592.523381498  -1.259391763  
354592.645451686  -1.973575579  
354592.767521874  -2.428718416  
354592.889592062  -1.501539755  
354593.011662250  -1.459248250  
354593.133733438  -1.230700950  
354593.255803626  -0.572172237  
354593.377873814  -0.842011925  
354593.499944002  -2.404716385  
354593.622014190  -0.499561554  
354593.744084378  -1.638948854  
354593.866154566  -1.092529829  
354593.988224754  -1.607666598  
354594.110294942  -0.621904717  
354594.232365130  -2.130093552  
354594.354436318  -2.974036374  
354594.476506506  -1.720821873  
354594.598576694  -2.602822640  
354594.720646882  -0.014827903  
354594.842717070  -1.331058809  
354594.964787258  -2.329408515  
354595.086857446  -2.341867834  
354595.208927634  -2.173221052  
354595.330997822  -1.547399058  
354595.453068010  -2.006064172  
354595.575138198  -0.718342455  
354595.697209386  0.182264545   
354595.819279574  -0.325114017  
354595.941349762  0.028362764   
354596.063419950  -0.251323030  
354596.185490138  -1.090743558  
354596.307560326  -1.949320331  
354596.429630514  -1.173350622  
354596.551700702  -0.916619418  
354596.673770890  -1.427941810  
354596.795841078  -1.322885686  
354596.917912266  0.636721230   
354597.039982454  -0.842958880  
354597.162052642  -0.975486677  
354597.284122830  -1.576710584  
354597.406193018  -0.052894089  
354597.528263206  0.520874458   
354597.650333394  0.348472715   
354597.772403582  0.114375648   
354597.894473770  1.333242924   
354598.016543958  0.400111767   
354598.138615146  1.159175686   
354598.260685334  1.806639671   
354598.382755522  1.438731984   
354598.504825710  1.839974218   
354598.626895898  1.653248501   
354598.748966086  2.130056565   
354598.871036274  2.973274352   
354598.993106462  1.309886265   
354599.115176650  0.179060591   
354599.237246838  1.035407111   
354599.359318026  2.868387039   
354599.481388214  2.129341488   
354599.603458402  2.412629179   
354599.725528590  1.365402904   
354599.847598778  1.848023578   
354599.969668966  1.528844038   
354600.091739154  1.996318163   
354600.213809342  2.504257216   
354600.335879530  0.721102235   
354600.457949718  0.902636529   
354600.580020906  1.833724405   
354600.702091094  1.751821987   
354600.824161282  2.943563559   
354600.946231470  1.301745860   
354601.068301658  1.474960506   
354601.190371846  2.710393864   
354601.312442034  1.787558775   
354601.434512222  0.481177716   
354601.556582410  1.042029162   
354601.678652598  1.639142324   
354601.800723786  0.702221921   
354601.922793974  -1.197624837  
354602.044864162  0.427664052   
354602.166934350  1.363155722   
354602.289004538  0.677895545   
354602.411074726  0.075242337   
354602.533144914  1.540371576   
354602.655215102  1.739070567   
354602.777285290  0.701959695   
354602.899355478  -0.175675071  
354603.021425666  1.066748641   
354603.143496854  0.278136338   
354603.265567042  1.861623322   
354603.387637230  3.219074075   
354603.509707418  1.276658885   
354603.631777606  0.325025248   
354603.753847794  -0.024366924  
354603.875917982  0.729694542   
354603.997988171  1.171679579   
354604.120058359  0.951413993   
354604.242128547  0.841147952   
354604.364199735  1.952249872   
354604.486269923  0.520424927   
354604.608340111  0.099732261   
354604.730410299  -0.299348524  
354604.852480487  0.989080731   
354604.974550675  0.773183848   
354605.096620863  -0.619254474  
354605.218691051  -1.182973341  
354605.340761239  1.253731841   
354605.462831427  0.792036185   
354605.584902615  1.525856647   
354605.706972803  1.700305133   
354605.829042991  0.392586433   
354605.951113179  1.037882852   
354606.073183367  3.062042555   
354606.195253555  3.896321404   
354606.317323743  2.886977623   
354606.439393931  3.739122021   
354606.561464119  3.889222318   
354606.683534307  3.307178887   
354606.805605495  3.919541022   
354606.927675683  5.589423603   
354607.049745871  5.228029852   
354607.171816059  3.614157540   
354607.293886247  4.091969936   
354607.415956435  2.626825145   
354607.538026623  3.116335312   
354607.660096811  2.698290187   
354607.782166999  4.362456892   
354607.904237187  5.677452071   
354608.026308375  4.881293286   
354608.148378563  2.869183677   
354608.270448751  3.865438415   
354608.392518939  4.935075815   
354608.514589127  3.106972922   
354608.636659315  2.970603245   
354608.758729503  3.492625715   
354608.880799691  3.944833795   
354609.002869879  3.357463797   
354609.124940067  2.774150487   
354609.247011255  3.470213640   
354609.369081443  2.651754215   
354609.491151631  4.869945940   
354609.613221819  3.659499978   
354609.735292007  2.383554747   
354609.857362195  1.520228022   
354609.979432383  3.063908015   
354610.101502571  2.645157770   
354610.223572759  1.027165704   
354610.345642947  1.512735360   
354610.467713135  1.669156598   
354610.589784323  0.076241644   
354610.711854511  -0.699967626  
354610.833924699  0.477155170   
354610.955994887  0.523692090   
354611.078065075  0.164695981   
354611.200135263  0.114831438   
354611.322205451  0.929551503   
354611.444275639  1.723756630   
354611.566345827  -0.827577608  
354611.688416015  -0.569461298  
354611.810487203  -1.169765752  
354611.932557391  -0.828931418  
354612.054627579  -0.544706255  
354612.176697767  0.039973939   
354612.298767955  -1.674309611  
354612.420838143  0.109840361   
354612.542908331  -0.919304751  
354612.664978519  -0.835121008  
354612.787048707  0.125287735   
354612.909118895  0.118780106   
354613.031190083  -2.409032454  
354613.153260271  -0.999370161  
354613.275330459  -1.153661815  
354613.397400647  -0.566436445  
354613.519470835  -0.004971849  
354613.641541023  -0.246167646  
354613.763611211  0.707951074   
354613.885681399  -0.581252958  
354614.007751587  -1.186599940  
354614.129821775  -0.825145018  
354614.251892963  -0.549190187  
354614.373963151  0.338941751   
354614.496033339  -0.288179474  
354614.618103527  -0.545694939  
354614.740173715  -1.417468869  
354614.862243903  -0.834172630  
354614.984314091  -1.331354229  
354615.106384279  -0.078615956  
354615.228454467  0.175502798   
354615.350524655  -0.017066332  
354615.472595843  -2.480538276  
354615.594666031  -0.765438918  
354615.716736219  -1.683202554  
354615.838806407  -0.764387640  
354615.960876595  -0.141002031  
354616.082946784  -0.669394283  
354616.205016972  -0.522071786  
354616.327087160  -1.517269556  
354616.449157348  -0.361804542  
354616.571227536  0.236965437   
354616.693297724  -1.746542365  
354616.815368912  -0.977256825  
354616.937439100  -0.626383433  
354617.059509288  -0.144675289  
354617.181579476  -0.566848515  
354617.303649664  -0.415662420  
354617.425719852  -1.129104509  
354617.547790040  0.208021929   
354617.669860228  0.807955188   
354617.791930416  0.921141759   
354617.914000604  0.231184645   
354618.036071792  0.524779880   
354618.158141980  -1.466175679  
354618.280212168  -0.955515728  
354618.402282356  0.146183116   
354618.524352544  0.554563698   
354618.646422732  -0.071003656  
354618.768492920  -0.866740887  
354618.890563108  -0.277935993  
354619.012633296  -0.940039618  
354619.134703484  -0.313353842  
354619.256774672  0.295568668   
354619.378844860  0.097651282   
354619.500915048  -0.082539586  
354619.622985236  -0.521471462  
354619.745055424  0.498106268   
354619.867125612  0.183060519   
354619.989195800  -1.014623402  
354620.111265988  -0.145947633  
354620.233336176  -0.017289006  
354620.355406364  -0.046906403  
354620.477477552  1.178396942   
354620.599547740  0.549055517   
354620.721617928  0.476930404   
354620.843688116  0.474971055   
354620.965758304  -1.357371089  
354621.087828492  0.598699798   
354621.209898680  1.448936059   
354621.331968868  -1.036753334  
354621.454039056  0.491104865   
354621.576109244  2.001795047   
354621.698180432  1.977775946   
354621.820250620  1.644490703   
354621.942320808  1.177615004   
354622.064390996  2.064706666   
354622.186461184  3.255385106   
354622.308531372  2.639624458   
354622.430601560  2.530495997   
354622.552671748  1.435322564   
354622.674741936  2.150115713   
354622.796812124  2.010175392   
354622.918883312  3.108089163   
354623.040953500  3.243148182   
354623.163023688  2.823510729   
354623.285093876  1.249760982   
354623.407164064  2.421426335   
354623.529234252  2.319777734   
354623.651304440  2.351836237   
354623.773374628  2.197251534   
354623.895444816  0.446346724   
354624.017515004  0.670285284   
354624.139585192  1.227903234   
354624.261656380  -0.071377222  
354624.383726568  1.563760954   
354624.505796756  0.605587870   
354624.627866944  0.780887999   
354624.749937132  2.048615058   
354624.872007320  1.239927248   
354624.994077508  -0.769599453  
354625.116147696  1.007119359   
354625.238217884  1.816931946   
354625.360288072  0.915136154   
