356620.016395751  1.276834361   
356620.138465939  0.481760548   
356620.260536127  -0.036887652  
356620.382606315  -0.058966125  
356620.504676503  0.306261775   
356620.626746691  1.549587342   
356620.748817879  0.782436275   
356620.870888067  -1.540509219  
356620.992958255  -0.554607969  
356621.115028443  -1.965212361  
356621.237098631  0.242149085   
356621.359168819  -0.116718603  
356621.481239007  -1.039791661  
356621.603309195  0.127840966   
356621.725379383  -0.231798685  
356621.847449571  0.024350191   
356621.969520759  -1.761793746  
356622.091590947  -0.006680283  
356622.213661135  -0.789198273  
356622.335731323  0.552851442   
356622.457801511  0.506410935   
356622.579871699  0.543196863   
356622.701941887  0.526008556   
356622.824012075  0.147716325   
356622.946082263  -1.173865139  
356623.068152451  0.374986297   
356623.190223639  -1.143954066  
356623.312293827  -0.960151335  
356623.434364015  0.366535063   
356623.556434203  0.024936724   
356623.678504391  0.320104438   
356623.800574579  0.380505334   
356623.922644767  1.681188289   
356624.044714955  1.822020955   
356624.166785143  -0.370042967  
356624.288855331  0.699070293   
356624.410926519  0.331024222   
356624.532996707  0.252790054   
356624.655066895  0.096687306   
356624.777137083  1.890270312   
356624.899207271  1.633097087   
356625.021277459  2.342051417   
356625.143347647  3.290951798   
356625.265417835  2.608362237   
356625.387488023  2.880821138   
356625.509558211  2.877107190   
356625.631629399  3.446313864   
356625.753699587  6.086753917   
356625.875769775  4.831508782   
356625.997839963  4.372988623   
356626.119910151  3.504102727   
356626.241980340  2.925282682   
356626.364050528  3.228822425   
356626.486120716  4.055298322   
356626.608190903  4.233281240   
356626.730261092  3.860290528   
356626.852332280  3.575832827   
356626.974402468  3.943400828   
356627.096472656  3.572535182   
356627.218542844  1.868737748   
356627.340613032  4.196910679   
356627.462683220  4.623257024   
356627.584753408  4.236717028   
356627.706823596  3.492853178   
356627.828893784  3.506435710   
356627.950963972  4.522157654   
356628.073034160  3.856899227   
356628.195105348  2.373996709   
356628.317175536  2.785696584   
356628.439245724  3.103142442   
356628.561315912  4.165992799   
356628.683386100  1.203189922   
356628.805456288  2.437203132   
356628.927526476  3.401694040   
356629.049596664  1.149322925   
356629.171666852  1.096981123   
356629.293737040  0.682950606   
356629.415808228  -0.825724772  
356629.537878416  -1.631354608  
356629.659948604  2.071513412   
356629.782018792  1.166699481   
356629.904088980  0.874495920   
356630.026159168  -0.895060075  
356630.148229356  -0.996256848  
356630.270299544  0.218691694   
356630.392369732  1.680386121   
356630.514439920  0.308594805   
356630.636511108  -0.275543243  
356630.758581296  -0.214576709  
356630.880651484  0.384545955   
356631.002721672  -0.359668451  
356631.124791860  0.725776909   
356631.246862048  -0.728923299  
356631.368932236  -0.299940898  
356631.491002424  1.298114051   
356631.613072612  -0.510970602  
356631.735142800  0.351787960   
356631.857213988  2.311732939   
356631.979284176  1.237093571   
356632.101354364  0.730500006   
356632.223424552  -0.987238664  
356632.345494740  0.284385633   
356632.467564928  -2.111771185  
356632.589635116  -1.213523511  
356632.711705304  -1.261782826  
356632.833775492  0.828531657   
356632.955845680  -0.565997535  
356633.077916868  -1.989784545  
356633.199987056  -1.359996171  
356633.322057244  -0.732194252  
356633.444127432  -1.532019726  
356633.566197620  -0.977344325  
356633.688267808  -0.501682688  
356633.810337996  -1.277571437  
356633.932408184  -1.110984173  
356634.054478372  0.078874732   
356634.176548560  -1.767316200  
356634.298618748  0.004089021   
356634.420689936  1.768294911   
356634.542760124  -0.909490199  
356634.664830312  -2.192224918  
356634.786900500  -0.469803892  
356634.908970688  -0.431019148  
356635.031040876  -0.566358580  
356635.153111064  1.237469134   
356635.275181252  0.316813817   
356635.397251440  -0.480250337  
356635.519321628  -1.140295844  
356635.641392816  -1.285745307  
356635.763463004  -0.945722148  
356635.885533192  -1.539512246  
356636.007603380  0.290559890   
356636.129673568  -0.822802690  
356636.251743756  -0.593195847  
356636.373813944  0.583366599   
356636.495884132  -1.734025065  
356636.617954320  -0.582852893  
356636.740024508  -3.160056553  
356636.862095696  -0.395681806  
356636.984165884  0.380538160   
356637.106236072  0.107936855   
356637.228306260  -1.437608835  
356637.350376448  -0.390425148  
356637.472446636  -0.577227416  
356637.594516824  -0.212827814  
356637.716587012  0.383222215   
356637.838657200  -0.791088729  
356637.960727389  -1.537656442  
356638.082798576  0.206909005   
356638.204868764  0.295322229   
356638.326938952  1.910646217   
356638.449009140  -0.011707084  
356638.571079329  -0.393237840  
356638.693149517  -0.389984775  
356638.815219705  -1.595774976  
356638.937289893  -0.767667583  
356639.059360081  -0.093563113  
356639.181430269  -0.002136746  
356639.303501457  0.499814709   
356639.425571645  -0.920009695  
356639.547641833  -1.394877594  
356639.669712021  -0.276983539  
356639.791782209  -0.159985325  
356639.913852397  -1.070073614  
356640.035922585  -2.431252198  
356640.157992773  0.250950173   
356640.280062961  -1.283457279  
356640.402133149  -0.438638056  
356640.524204337  0.155508123   
356640.646274525  -0.107260843  
356640.768344713  1.022462401   
356640.890414901  0.894484088   
356641.012485089  0.131100680   
356641.134555277  -0.494917879  
356641.256625465  -0.342229894  
356641.378695653  -0.150725555  
356641.500765841  0.813793872   
356641.622836029  1.184422099   
356641.744906217  0.294888365   
356641.866977405  -0.066565225  
356641.989047593  -1.034515523  
356642.111117781  -1.361589736  
356642.233187969  0.080798061   
356642.355258157  1.238651547   
356642.477328345  0.769653101   
356642.599398533  -2.402215409  
356642.721468721  -1.117293810  
356642.843538909  -0.951036217  
356642.965609097  -1.117827652  
356643.087680285  -1.142829252  
356643.209750473  0.207020175   
356643.331820661  0.272179570   
356643.453890849  0.228718042   
356643.575961037  0.093332016   
356643.698031225  0.113960419   
356643.820101413  1.056434888   
356643.942171601  0.173601152   
356644.064241789  -1.720206518  
356644.186311977  1.503823972   
356644.308383165  -0.424706232  
356644.430453353  -1.183997366  
356644.552523541  -0.083019921  
356644.674593729  -0.295580908  
356644.796663917  -1.531255490  
356644.918734105  -2.141360547  
356645.040804293  -1.812959222  
356645.162874481  -0.705989166  
356645.284944669  -1.236943252  
356645.407014857  -0.694949876  
356645.529086045  0.050223011   
356645.651156233  0.306295163   
356645.773226421  0.339185824   
356645.895296609  0.511207552   
356646.017366797  -1.695898445  
356646.139436985  -1.020956873  
356646.261507173  0.540515477   
356646.383577361  2.344245320   
356646.505647549  0.409242001   
356646.627717737  -0.554267996  
356646.749788925  1.210588785   
356646.871859113  0.629380500   
356646.993929301  -1.395923737  
356647.115999489  -0.284292585  
356647.238069677  -0.419541171  
356647.360139865  -0.789530285  
356647.482210053  -1.269495438  
356647.604280241  -0.143598389  
356647.726350429  -0.466098092  
356647.848420617  -0.078109839  
356647.970491805  0.068363711   
356648.092561993  -0.283971811  
356648.214632181  1.087587845   
356648.336702369  0.551290656   
356648.458772557  -2.664841783  
356648.580842745  -0.575761692  
356648.702912933  0.955665657   
356648.824983121  2.545774884   
356648.947053309  -0.223404722  
356649.069123497  0.281340720   
356649.191193685  -1.055770863  
356649.313264873  -0.461223365  
356649.435335061  -1.337552330  
356649.557405249  -0.984655618  
356649.679475437  -0.349941101  
356649.801545625  -0.977603753  
356649.923615813  -3.474672112  
356650.045686001  -1.633087253  
356650.167756189  0.271065011   
356650.289826378  0.693544560   
356650.411896566  -0.798466988  
356650.533967754  0.540128208   
356650.656037942  -1.333019825  
356650.778108130  -0.857939326  
356650.900178318  1.181802995   
356651.022248506  -1.195165903  
356651.144318694  -0.240590828  
356651.266388882  -0.083113624  
356651.388459070  -0.895004350  
356651.510529258  -1.957717500  
356651.632599446  -0.998877824  
356651.754670634  -0.795226005  
356651.876740822  -0.544898133  
356651.998811010  -0.279828917  
356652.120881198  -0.931203987  
356652.242951386  1.547116216   
356652.365021574  -0.961732725  
356652.487091762  -1.330945333  
356652.609161950  0.314792710   
356652.731232138  -0.992496540  
356652.853302326  0.344046689   
356652.975373514  -1.375752471  
356653.097443702  0.531669622   
356653.219513890  -0.561694019  
356653.341584078  -1.813649938  
356653.463654266  -0.946975740  
356653.585724454  -0.733692755  
356653.707794642  -0.901507856  
356653.829864830  -1.491596181  
356653.951935018  -0.866319709  
356654.074005206  -0.450786333  
356654.196076394  -1.122836870  
356654.318146582  0.031283510   
356654.440216770  -0.699946918  
356654.562286958  -1.663679677  
356654.684357146  -0.907937842  
356654.806427334  -1.129907935  
356654.928497522  -0.967370845  
356655.050567710  -2.388582302  
356655.172637898  -1.465807867  
356655.294708086  -0.180015732  
356655.416778274  1.517914123   
356655.538849462  0.221457136   
356655.660919650  -0.390150969  
356655.782989838  -0.789282564  
356655.905060026  -0.274860487  
356656.027130214  2.067977879   
356656.149200402  0.222136567   
356656.271270590  0.444558224   
356656.393340778  -1.172110953  
356656.515410966  -0.550313351  
356656.637481154  0.356666152   
356656.759552342  1.885491021   
356656.881622530  0.736048684   
356657.003692718  0.248604593   
356657.125762906  1.010104428   
356657.247833094  -0.618393189  
356657.369903282  1.511591373   
356657.491973470  0.631926083   
356657.614043658  -0.412854097  
356657.736113846  0.011550360   
356657.858184034  0.655482563   
356657.980255222  -1.852964123  
356658.102325410  -1.013044773  
356658.224395598  -0.245874834  
356658.346465786  -0.336031286  
356658.468535974  1.465656612   
356658.590606162  0.739270467   
356658.712676350  -0.126097785  
356658.834746538  0.329938884   
356658.956816726  1.468691082   
356659.078886914  0.944319642   
356659.200958102  0.097613381   
356659.323028290  -0.505143763  
356659.445098478  0.085235787   
356659.567168666  0.065287095   
356659.689238854  1.178044560   
356659.811309042  0.621128427   
356659.933379230  0.113871118   
356660.055449418  0.226852592   
356660.177519606  -0.021861962  
356660.299589794  1.263960808   
356660.421660982  1.200048684   
356660.543731170  2.833765776   
356660.665801358  0.917313325   
356660.787871546  1.732064366   
356660.909941734  0.876733374   
356661.032011922  -0.469610023  
356661.154082110  -0.888171641  
356661.276152298  -0.159946879  
356661.398222486  1.660193314   
356661.520292674  1.748398526   
356661.642363862  0.228389589   
356661.764434051  -0.200536196  
356661.886504239  0.134456720   
356662.008574427  1.504596638   
356662.130644615  2.487897047   
356662.252714803  0.345317280   
356662.374784991  0.142682804   
356662.496855179  -0.032168213  
356662.618925367  -0.547479774  
356662.740995555  -0.223392547  
356662.863065743  0.316020453   
356662.985136931  0.724433875   
356663.107207119  0.829446213   
356663.229277307  0.253259976   
356663.351347495  1.250752902   
356663.473417683  0.709007715   
356663.595487871  0.796840643   
356663.717558059  0.508552391   
356663.839628247  0.155747743   
356663.961698435  -0.358265992  
356664.083768623  -0.701378457  
356664.205839811  0.226305966   
356664.327909999  0.463018152   
356664.449980187  0.461774440   
356664.572050375  -0.250885503  
356664.694120563  0.489832332   
356664.816190751  -0.623531652  
356664.938260939  -0.412672216  
356665.060331127  -0.077379084  
356665.182401315  0.040756911   
356665.304471503  0.680143253   
356665.426542691  -0.955036286  
356665.548612879  -0.748034373  
356665.670683067  0.108388841   
356665.792753255  0.355449928   
356665.914823443  -2.328602814  
356666.036893631  0.000073388   
356666.158963819  0.524615884   
356666.281034007  -0.763536864  
356666.403104195  -2.849161967  
356666.525174383  -1.441581275  
356666.647245571  -1.205288764  
356666.769315759  0.229347695   
356666.891385947  0.477164824   
356667.013456135  0.496524556   
356667.135526323  0.666641734   
356667.257596511  0.748084480   
356667.379666699  0.950881684   
356667.501736887  0.716516155   
356667.623807075  -1.444332903  
356667.745877263  -1.916150409  
356667.867948451  -0.465102149  
356667.990018639  -0.018078854  
356668.112088827  -2.519495342  
356668.234159015  -1.193759182  
356668.356229203  -1.422739463  
356668.478299391  -0.626022446  
356668.600369579  0.064014304   
356668.722439767  0.418508655   
356668.844509955  0.048152594   
356668.966580143  1.040802683   
356669.088651331  0.188541235   
356669.210721519  -0.935903670  
356669.332791707  -0.984186399  
356669.454861895  0.568981899   
356669.576932083  -1.845337675  
356669.699002271  -0.996244672  
356669.821072459  1.509113223   
356669.943142647  -0.143362469  
356670.065212835  0.169818600   
356670.187283023  0.400850520   
356670.309353211  -0.139568632  
356670.431424399  -0.960458996  
356670.553494587  -1.263321602  
356670.675564775  0.495096295   
356670.797634963  -1.626759820  
356670.919705151  -0.791138367  
356671.041775339  -1.783300553  
356671.163845527  -0.324692107  
356671.285915715  -0.619042697  
356671.407985903  -0.201492195  
356671.530056091  1.700184166   
356671.652127279  0.122433709   
356671.774197467  -1.214237173  
356671.896267655  -1.512073236  
356672.018337843  -0.920376829  
356672.140408031  -1.433015452  
356672.262478219  -0.762989910  
356672.384548407  -1.239956650  
356672.506618595  -1.245072636  
356672.628688783  -2.426608710  
356672.750758971  -0.595492773  
356672.872830159  0.901534080   
356672.994900347  -0.464163477  
356673.116970535  -0.943706192  
356673.239040723  -2.314124926  
356673.361110911  0.310956775   
356673.483181099  0.045093183   
356673.605251287  -1.054532256  
356673.727321476  -1.815198080  
356673.849391664  -0.747669113  
356673.971461851  -0.564365102  
356674.093533040  -0.014349298  
356674.215603227  0.237445047   
356674.337673416  -0.477097859  
356674.459743604  -1.155095911  
356674.581813792  -0.521781370  
356674.703883980  -0.033099383  
356674.825954168  -1.512633302  
356674.948024356  0.610333580   
356675.070094544  -0.807134896  
356675.192164732  1.452535338   
356675.314235920  -1.094166277  
356675.436306108  0.402428913   
356675.558376296  0.287411533   
356675.680446484  -0.395281986  
356675.802516672  0.873843603   
356675.924586860  -0.591636935  
356676.046657048  -1.078200656  
356676.168727236  -1.948136910  
356676.290797424  -1.041727073  
356676.412867612  -0.970270450  
356676.534937800  -2.095659459  
356676.657008988  -0.473079528  
356676.779079176  -1.291224212  
356676.901149364  -1.303850043  
356677.023219552  1.050933974   
356677.145289740  -0.410566257  
356677.267359928  0.657959777   
356677.389430116  0.167628678   
356677.511500304  -0.705172481  
356677.633570492  -2.237033460  
356677.755640680  0.195192485   
356677.877711868  0.741907366   
356677.999782056  -0.708237858  
356678.121852244  -0.911092193  
356678.243922432  -0.852050206  
356678.365992620  -2.917554149  
356678.488062808  -2.680166326  
356678.610132996  -2.142099029  
356678.732203184  -1.270227364  
356678.854273372  -0.003283963  
356678.976343560  -0.156741017  
356679.098414748  -1.051933289  
356679.220484936  -1.222533265  
356679.342555124  -0.858800497  
356679.464625312  0.048462784   
356679.586695500  -1.277074589  
356679.708765688  -1.577896889  
356679.830835876  -2.366457362  
356679.952906064  -0.870549704  
356680.074976252  -0.983247493  
356680.197046440  -1.531608106  
356680.319117628  -0.078380647  
356680.441187816  0.217691349   
356680.563258004  -1.052869853  
356680.685328192  -2.367237520  
356680.807398380  -1.404348606  
356680.929468568  0.612216075   
356681.051538756  0.637191451   
356681.173608944  -0.553039691  
356681.295679132  -2.281802198  
356681.417749320  -1.697330453  
356681.539820508  -2.011267939  
356681.661890696  -0.730545429  
356681.783960884  -0.533415847  
356681.906031072  -0.738406018  
356682.028101260  -0.749894391  
356682.150171448  0.198879600   
356682.272241636  0.187318456   
356682.394311824  -0.346350077  
356682.516382012  -1.034671929  
356682.638452200  -1.500249572  
356682.760523388  -2.110695540  
356682.882593576  -0.821356165  
356683.004663764  -1.415474529  
356683.126733952  -1.257096256  
356683.248804140  -0.908300293  
356683.370874328  -2.718632450  
356683.492944516  -2.197606888  
356683.615014704  -1.590264697  
356683.737084892  -1.922328459  
356683.859155080  0.491882004   
356683.981225268  -0.877580965  
356684.103296456  -0.305101652  
356684.225366644  1.203909204   
356684.347436832  1.198361462   
356684.469507020  -2.451645899  
356684.591577208  -2.024872949  
356684.713647396  -1.305068046  
356684.835717584  -0.506063470  
356684.957787772  -1.634558128  
356685.079857960  -1.497661844  
356685.201928149  -1.906361901  
356685.323999337  0.524662244   
356685.446069525  2.338081319   
356685.568139713  0.019613809   
356685.690209900  0.908366789   
356685.812280089  0.197597349   
356685.934350277  -0.289805253  
356686.056420465  -0.940036262  
356686.178490653  -0.247994374  
356686.300560841  0.247797133   
356686.422631029  -1.513584852  
356686.544702217  -2.158650940  
356686.666772405  0.231478052   
356686.788842593  0.968971903   
356686.910912781  -0.433220403  
356687.032982969  -1.183702817  
356687.155053157  -0.402949081  
356687.277123345  -0.228537707  
356687.399193533  -0.079012173  
356687.521263721  0.479358727   
356687.643333909  -0.560192706  
356687.765405097  -0.983754643  
356687.887475285  -1.281353286  
356688.009545473  -1.290707228  
356688.131615661  1.113112985   
356688.253685849  -0.621845835  
356688.375756037  -1.603010408  
356688.497826225  -1.867006976  
356688.619896413  -1.981391051  
356688.741966601  -0.168078884  
356688.864036789  -0.704928038  
356688.986107977  -0.718433772  
356689.108178165  -0.770629001  
356689.230248353  0.057360057   
356689.352318541  -1.589178750  
356689.474388729  -1.664235528  
356689.596458917  -0.480494780  
356689.718529105  -0.490742205  
356689.840599293  -3.030482333  
356689.962669481  -1.087297042  
356690.084739669  -0.567313877  
356690.206810857  -0.064324822  
356690.328881045  -1.152267485  
356690.450951233  -0.314930104  
356690.573021421  -1.101209713  
356690.695091609  -0.942100920  
356690.817161797  -1.709986722  
356690.939231985  -2.192173875  
356691.061302173  -0.405804199  
356691.183372361  0.129141527   
356691.305442549  0.461367643   
356691.427512737  -0.004716737  
356691.549583925  -1.039438576  
356691.671654113  -3.505689268  
356691.793724301  -1.689108350  
356691.915794489  -1.981356866  
356692.037864677  -0.166107181  
356692.159934865  -1.054243794  
356692.282005053  -0.475445291  
356692.404075241  -1.716518794  
356692.526145429  -1.894577105  
356692.648215617  -0.478756516  
356692.770286805  -1.111347560  
356692.892356993  -1.814983607  
356693.014427181  -0.401118096  
356693.136497369  -0.527273386  
356693.258567557  0.306419867   
356693.380637745  0.233459636   
356693.502707933  -3.330195740  
356693.624778121  -2.556206344  
356693.746848309  -2.392228349  
356693.868918497  -2.044212077  
356693.990989685  -1.003203349  
356694.113059873  -0.426631622  
356694.235130061  -0.854556454  
356694.357200249  -2.369364927  
356694.479270437  -1.653260860  
356694.601340625  -2.322948303  
356694.723410813  -1.024586531  
356694.845481001  -1.473835165  
356694.967551189  -1.586329251  
356695.089621377  -1.995306063  
356695.211692565  -0.090207916  
356695.333762753  -1.515157812  
356695.455832941  -1.308829290  
356695.577903129  0.042823067   
356695.699973317  -0.705179974  
356695.822043505  0.593377541   
356695.944113693  0.796210334   
356696.066183881  0.377632983   
356696.188254069  0.619842991   
356696.310324257  0.482302350   
356696.432395445  1.859225995   
356696.554465633  1.049139047   
356696.676535821  2.052853293   
356696.798606009  1.651191052   
356696.920676197  0.661960314   
356697.042746385  1.008966033   
356697.164816573  0.957154795   
356697.286886761  1.005756425   
356697.408956949  0.377446325   
356697.531027138  0.726699894   
356697.653097326  -0.101664867  
356697.775168514  0.677659015   
356697.897238702  0.648256029   
356698.019308890  -0.083584763  
356698.141379078  -0.640982197  
356698.263449266  -1.032766488  
356698.385519454  -1.394334854  
356698.507589642  -0.695023396  
356698.629659830  -0.641504332  
356698.751730018  1.594330793   
356698.873800206  -0.372668627  
356698.995871394  0.482495283   
356699.117941582  -0.070934066  
356699.240011770  -0.821138414  
356699.362081958  -0.310347492  
356699.484152146  -0.626106269  
356699.606222334  0.300348210   
356699.728292522  0.394778957   
356699.850362710  -0.425274306  
356699.972432898  0.582284866   
356700.094503086  -0.669171396  
356700.216574274  -2.968483611  
356700.338644462  -1.653869628  
356700.460714650  -2.453529331  
356700.582784838  -2.658136446  
356700.704855026  -1.696453828  
356700.826925214  -0.707335478  
356700.948995402  -2.336247993  
356701.071065590  -0.586479272  
356701.193135778  0.608032440   
356701.315205966  -1.201013346  
356701.437277154  -2.192333091  
356701.559347342  -0.038326872  
356701.681417530  0.316521375   
356701.803487718  0.160320147   
356701.925557906  0.910512928   
356702.047628094  -1.236588763  
356702.169698282  -1.868829063  
356702.291768470  -1.171224495  
356702.413838658  -0.438615532  
356702.535908846  -0.881836247  
356702.657980034  -1.549789640  
356702.780050222  -1.316642114  
356702.902120410  -1.876105236  
356703.024190598  -0.951427701  
356703.146260786  -0.644342592  
356703.268330974  -0.718634665  
356703.390401162  -0.206665639  
356703.512471350  0.533074001   
356703.634541538  0.152073084   
356703.756611726  -0.312975259  
356703.878682914  0.197411254   
356704.000753102  -0.289778092  
356704.122823290  -0.749850841  
356704.244893478  -2.015040422  
356704.366963666  0.281161555   
356704.489033854  -0.429690256  
356704.611104042  -0.699342833  
356704.733174230  -0.334061502  
356704.855244418  0.081533593   
356704.977314606  -0.951787810  
356705.099384794  0.421382270   
356705.221455982  1.435930042   
356705.343526170  -0.395693232  
356705.465596358  1.363931149   
356705.587666546  1.869526804   
356705.709736734  1.236422991   
356705.831806922  1.490825857   
356705.953877110  0.632074997   
356706.075947298  0.079805584   
356706.198017486  -0.444603460  
356706.320087674  0.798671627   
356706.442158862  0.577793569   
356706.564229050  1.831808058   
356706.686299238  1.705412540   
356706.808369426  0.964044167   
356706.930439614  -0.308357105  
356707.052509802  -0.532248419  
356707.174579990  -0.349720539  
356707.296650178  -0.152914354  
356707.418720366  -0.500543825  
356707.540790554  0.175435180   
356707.662861742  -0.252322568  
356707.784931930  -1.123525245  
356707.907002118  0.516905145   
356708.029072306  -1.127975333  
356708.151142494  -0.701282927  
356708.273212682  -0.695654173  
356708.395282870  -0.279979469  
356708.517353058  0.053899590   
356708.639423246  0.949745162   
356708.761493434  -0.948070116  
356708.883564622  0.316964745   
356709.005634810  -1.075464013  
356709.127704998  -1.105797945  
356709.249775187  -0.129425494  
356709.371845375  -0.007157355  
356709.493915563  -0.013495071  
356709.615985751  2.996676087   
356709.738055939  -0.382670578  
356709.860126127  0.151057941   
356709.982196315  0.802098518   
356710.104267503  -0.181493397  
356710.226337691  -0.602395724  
356710.348407879  0.025690869   
356710.470478067  1.449167450   
356710.592548255  2.031896249   
356710.714618443  1.950629109   
356710.836688631  0.725689340   
356710.958758819  -1.456709608  
356711.080829007  0.057130973   
356711.202899195  1.262659451   
356711.324970383  1.653563371   
356711.447040571  1.187510421   
356711.569110759  0.943584438   
356711.691180947  1.458990143   
356711.813251135  1.674051664   
356711.935321323  2.897099572   
356712.057391511  2.046811044   
356712.179461699  2.543379619   
356712.301531887  0.251154765   
356712.423602075  2.186180328   
356712.545672263  1.183096859   
356712.667743451  2.061379311   
356712.789813639  2.379569270   
356712.911883827  1.705311859   
356713.033954015  3.316508312   
356713.156024203  1.983402792   
356713.278094391  3.589881300   
356713.400164579  0.770704395   
356713.522234767  -0.976522021  
356713.644304955  0.946266760   
356713.766375143  0.931963541   
356713.888446331  -0.304647418  
356714.010516519  -0.167820346  
356714.132586707  1.500595165   
356714.254656895  0.493040535   
356714.376727083  2.291163164   
356714.498797271  0.680645720   
356714.620867459  0.129224835   
356714.742937647  1.873560121   
356714.865007835  0.554283449   
356714.987078023  0.114686070   
356715.109149211  2.080532063   
356715.231219399  2.515010601   
356715.353289587  2.172303715   
356715.475359775  0.888988325   
356715.597429963  2.066558983   
356715.719500151  0.079583103   
356715.841570339  1.410969183   
356715.963640527  -0.916908261  
356716.085710715  -0.197052081  
356716.207780903  -0.242146790  
356716.329852091  -1.070846748  
356716.451922279  0.268156743   
356716.573992467  -0.756376357  
356716.696062655  -0.055288703  
356716.818132843  -0.567167773  
356716.940203031  -1.932413858  
356717.062273219  0.335333123   
356717.184343407  0.038212114   
356717.306413595  -0.434428525  
356717.428483783  -0.860931651  
356717.550554971  0.322584743   
356717.672625159  0.161129105   
356717.794695347  0.478927439   
356717.916765535  -0.983630548  
356718.038835723  0.419116766   
356718.160905911  0.205528742   
356718.282976099  0.873638495   
356718.405046287  0.597765816   
356718.527116475  -0.186397063  
356718.649186663  -0.711528011  
356718.771256851  -1.470574514  
356718.893328039  -2.835870238  
356719.015398227  -1.062256575  
356719.137468415  -0.181876733  
356719.259538603  -2.377555187  
356719.381608791  -1.152972250  
356719.503678979  -0.475869086  
356719.625749167  -0.421133752  
356719.747819355  -1.289590843  
356719.869889543  -0.368967791  
356719.991959731  -0.713281260  
356720.114030919  -0.309323124  
356720.236101107  0.653702622   
356720.358171295  -0.029733748  
356720.480241483  -1.675371284  
356720.602311671  0.111030282   
356720.724381860  0.552034289   
356720.846452048  -0.333264345  
356720.968522236  0.446194824   
356721.090592424  -0.380846805  
356721.212662612  -1.960394202  
356721.334733800  -1.568444608  
356721.456803988  -0.892617982  
356721.578874176  -1.311605269  
356721.700944364  0.982766099   
356721.823014552  0.284265940   
356721.945084740  2.658490000   
356722.067154928  1.680583736   
356722.189225116  1.809512663   
356722.311295304  1.409190178   
356722.433365492  1.253385586   
356722.555436680  2.406397171   
356722.677506868  3.469514918   
356722.799577056  4.610190070   
356722.921647244  3.580649112   
356723.043717432  1.026805253   
356723.165787620  1.808039446   
356723.287857808  1.106541109   
356723.409927996  3.270144136   
356723.531998184  2.278403873   
356723.654068372  4.248235371   
356723.776139560  4.061298425   
356723.898209748  1.980594502   
356724.020279936  2.584867571   
356724.142350124  2.705157155   
356724.264420312  2.014433060   
356724.386490500  1.803148705   
356724.508560688  1.810697886   
356724.630630876  3.183708563   
356724.752701064  3.293654256   
356724.874771252  2.974007002   
356724.996842440  2.460663614   
356725.118912628  1.438916280   
356725.240982816  2.654569071   
356725.363053004  2.529331146   
356725.485123192  1.827652988   
356725.607193380  2.979226010   
356725.729263568  2.124976281   
356725.851333756  2.459651187   
356725.973403944  2.073675472   
356726.095474132  1.951413482   
356726.217544320  1.275063316   
356726.339615508  2.002109271   
356726.461685696  -0.063980400  
356726.583755884  -0.367193656  
356726.705826072  0.728046674   
356726.827896260  0.563992818   
356726.949966448  0.624896227   
356727.072036636  0.401005100   
356727.194106824  -0.483404687  
356727.316177012  -0.410559607  
356727.438247200  -0.383528612  
356727.560318388  0.313790492   
356727.682388576  0.609846566   
356727.804458764  -1.586811582  
356727.926528952  0.525069181   
356728.048599140  0.678849857   
356728.170669328  0.359198014   
356728.292739516  0.868598371   
356728.414809704  0.515713366   
356728.536879892  -0.716265624  
356728.658950080  1.312052947   
356728.781021268  -1.047261235  
356728.903091456  -0.068739508  
356729.025161644  1.771146751   
356729.147231832  1.584336241   
356729.269302020  1.580027106   
356729.391372208  2.714568695   
356729.513442396  2.130629855   
356729.635512584  -0.141301792  
356729.757582772  -0.210543064  
356729.879652960  0.021637651   
356730.001724148  1.694865882   
356730.123794336  0.378457347   
356730.245864524  -0.964637949  
356730.367934712  -0.366590180  
356730.490004900  -1.273722624  
356730.612075088  -0.061503888  
356730.734145276  0.299537145   
356730.856215464  2.424373597   
356730.978285652  0.582997592   
356731.100355840  0.652285131   
356731.222427028  0.412033760   
356731.344497216  1.581929269   
356731.466567404  1.116022892   
356731.588637592  4.319980456   
356731.710707780  5.610716717   
356731.832777968  6.394785425   
356731.954848156  9.823099916   
356732.076918344  12.184648273  
356732.198988532  18.343878263  
356732.321058720  22.647506296  
356732.443129908  30.355247984  
356732.565200096  38.091269249  
356732.687270284  44.205277204  
356732.809340473  49.402111850  
356732.931410661  53.742153526  
356733.053480848  59.991382719  
356733.175551037  58.885159105  
356733.297621225  18.554961257  
356733.419691413  -46.170157552 
356733.541761601  -51.651553390 
356733.663831789  -50.005353292 
356733.785902977  -51.733081363 
356733.907973165  -48.895992186 
356734.030043353  -48.570442233 
356734.152113541  -42.560477271 
356734.274183729  -38.587976436 
356734.396253917  -43.284029838 
356734.518324105  -48.783182946 
356734.640394293  -47.896162344 
356734.762464481  -31.435196270 
356734.884534669  23.878559961  
356735.006605857  78.478049665  
356735.128676045  104.911516485 
356735.250746233  113.175437230 
356735.372816421  113.002172726 
356735.494886609  103.352838376 
356735.616956797  94.401244864  
356735.739026985  87.390120138  
356735.861097173  76.847021918  
356735.983167361  67.933031487  
356736.105237549  60.726773466  
356736.227308737  53.061036713  
356736.349378925  44.003129039  
356736.471449113  37.041164603  
356736.593519301  29.930070941  
356736.715589489  22.147258894  
356736.837659677  17.504538179  
356736.959729865  13.306325207  
356737.081800053  9.544307964   
356737.203870241  5.948217239   
356737.325940429  5.567166450   
356737.448011617  6.183650920   
356737.570081805  4.647642832   
356737.692151993  3.248723960   
356737.814222181  3.765689982   
356737.936292369  4.117893636   
356738.058362557  3.732631115   
356738.180432745  3.183490343   
356738.302502933  4.230617181   
356738.424573121  3.272428418   
356738.546643309  0.982986191   
356738.668714497  1.871150808   
356738.790784685  1.624539693   
356738.912854873  1.003090962   
356739.034925061  1.835306596   
356739.156995249  1.334024759   
356739.279065437  3.762575904   
356739.401135625  1.585772931   
356739.523205813  0.347280273   
356739.645276001  2.808883589   
356739.767346189  2.899163761   
356739.889416377  1.419918529   
356740.011487565  1.079016404   
356740.133557753  1.005112537   
356740.255627941  1.062273901   
356740.377698129  2.226373479   
356740.499768317  1.121735001   
356740.621838505  1.082172627   
356740.743908693  1.298058326   
356740.865978881  0.300540487   
356740.988049069  1.050161308   
356741.110119257  3.234179108   
356741.232190445  2.868278192   
356741.354260633  1.569959970   
356741.476330821  1.581999980   
356741.598401009  0.439895910   
356741.720471197  0.041836648   
356741.842541385  0.714350817   
356741.964611573  0.465267546   
356742.086681761  -1.456419741  
356742.208751949  -0.979234313  
356742.330822137  -0.227865347  
356742.452893325  0.340903671   
356742.574963513  0.420543295   
356742.697033701  0.043414184   
356742.819103889  -1.497926423  
356742.941174077  0.592771115   
356743.063244265  -0.583244377  
356743.185314453  0.116595210   
356743.307384641  -0.508353371  
356743.429454829  0.293264502   
356743.551525017  2.405505093   
356743.673596205  -0.242813344  
356743.795666393  -0.019946256  
356743.917736581  0.611923399   
356744.039806769  -1.182431430  
356744.161876957  0.508534596   
356744.283947146  -0.541876774  
356744.406017334  0.060353365   
356744.528087521  0.373805476   
356744.650157709  -0.620339839  
356744.772227898  0.473560454   
356744.894299086  -0.091692746  
356745.016369274  0.377711795   
356745.138439462  -1.505777178  
356745.260509650  -1.662370359  
356745.382579838  -0.771646111  
356745.504650026  -0.329171088  
356745.626720214  -0.886250278  
356745.748790402  -1.271926761  
356745.870860590  -1.724790067  
356745.992930778  -1.108307470  
356746.115001966  -0.168530824  
356746.237072154  -1.898810379  
356746.359142342  -1.600730341  
356746.481212530  0.270833913   
356746.603282718  -0.296389210  
356746.725352906  -1.442324439  
356746.847423094  0.145999836   
356746.969493282  0.159913490   
356747.091563470  0.450958333   
356747.213633658  -1.610519785  
356747.335703846  -0.403479645  
356747.457775034  -1.482176680  
356747.579845222  -0.459379644  
356747.701915410  -2.314318794  
356747.823985598  -0.606670206  
356747.946055786  0.565400943   
356748.068125974  -1.554018699  
356748.190196162  -0.387874132  
356748.312266350  -1.114462107  
356748.434336538  0.770407504   
356748.556406726  -1.904209675  
356748.678477914  0.131615651   
356748.800548102  -0.437812802  
356748.922618290  -0.487660906  
356749.044688478  -0.136608197  
356749.166758666  -0.077077792  
356749.288828854  -1.423973387  
356749.410899042  -0.485736266  
356749.532969230  -1.109171452  
356749.655039418  -1.120185923  
356749.777109606  -0.070193665  
356749.899180794  -0.358665343  
356750.021250982  -0.816516934  
356750.143321170  1.415627657   
356750.265391358  -0.010844419  
356750.387461546  -0.246773468  
356750.509531734  -0.600663547  
356750.631601922  0.246600718   
356750.753672110  0.551812323   
356750.875742298  0.613344636   
356750.997812486  0.916086893   
356751.119883674  1.040007071   
356751.241953862  0.686859360   
356751.364024050  1.456427701   
356751.486094238  0.216805873   
356751.608164426  0.725492193   
356751.730234614  -0.244162419  
356751.852304802  0.254172892   
356751.974374990  1.251807474   
356752.096445178  1.829380950   
356752.218515366  2.233843520   
356752.340586554  1.095642772   
356752.462656742  0.533114742   
356752.584726930  -1.842410909  
356752.706797118  -0.397280428  
356752.828867306  0.059386830   
356752.950937494  1.841494481   
356753.073007682  2.507654820   
356753.195077870  1.337026449   
356753.317148058  2.547232647   
356753.439218246  1.489780182   
356753.561289434  2.593387033   
356753.683359622  1.682687261   
356753.805429810  0.837657077   
356753.927499998  1.374564438   
356754.049570186  -0.234394281  
356754.171640374  0.282976383   
356754.293710562  0.375708295   
356754.415780750  2.660760233   
356754.537850938  2.204325336   
356754.659921126  3.170135864   
356754.781991314  4.915364119   
356754.904062502  2.879799345   
356755.026132690  2.768453956   
356755.148202878  2.748343566   
356755.270273066  3.999516986   
356755.392343254  3.199579591   
356755.514413442  3.717882091   
356755.636483630  2.900201943   
356755.758553818  2.414857630   
356755.880624006  3.666316233   
356756.002694194  2.843882550   
356756.124765382  2.669168244   
356756.246835570  2.960268064   
356756.368905758  3.270965972   
356756.490975946  3.501935516   
356756.613046134  3.163884294   
356756.735116323  3.678556200   
356756.857186511  2.932644082   
356756.979256699  2.573725258   
356757.101326887  2.346501037   
356757.223397075  1.073766021   
356757.345468263  2.223946371   
356757.467538451  1.481283665   
356757.589608639  1.448584439   
356757.711678827  0.523813247   
356757.833749015  0.094459359   
356757.955819203  -0.655673622  
356758.077889391  1.879554604   
356758.199959579  1.359300304   
356758.322029767  0.021634344   
356758.444099955  0.415665103   
356758.566171143  0.961375893   
356758.688241331  0.299764496   
356758.810311519  -0.219564385  
356758.932381707  -0.511889840  
356759.054451895  1.481831556   
356759.176522083  0.879531829   
356759.298592271  -0.578176156  
356759.420662459  -0.593992396  
356759.542732647  0.784394164   
356759.664802835  2.015600020   
356759.786874023  1.774624684   
356759.908944211  1.428597208   
356760.031014399  1.580979124   
356760.153084587  2.162476339   
356760.275154775  1.728258635   
356760.397224963  1.832674849   
356760.519295151  1.867220045   
356760.641365339  0.724213314   
356760.763435527  1.936148879   
356760.885505715  0.733658102   
356761.007575903  2.071399151   
356761.129647091  0.213484206   
356761.251717279  0.888978023   
356761.373787467  0.436762023   
356761.495857655  0.180964519   
356761.617927843  -0.330225754  
356761.739998031  -0.652820846  
356761.862068219  1.311019915   
356761.984138407  1.254979619   
356762.106208595  -0.136065411  
356762.228278783  -0.753433670  
356762.350349971  0.365946151   
356762.472420159  -0.294203034  
356762.594490347  0.230778204   
356762.716560535  0.066743266   
356762.838630723  -0.000579315  
356762.960700911  0.897669345   
356763.082771099  0.393917411   
356763.204841287  0.027103752   
356763.326911475  0.557754359   
356763.448981663  0.933087888   
356763.571052851  -0.808237232  
356763.693123039  0.588787436   
356763.815193227  0.804661428   
356763.937263415  -0.903818362  
356764.059333603  0.714648645   
356764.181403791  -1.030404003  
356764.303473979  -1.089718531  
356764.425544167  -0.951726465  
356764.547614355  -0.941131107  
356764.669684543  -0.105881048  
356764.791755731  0.087214983   
356764.913825919  0.636226321   
356765.035896107  -0.042682633  
356765.157966295  0.699163481   
356765.280036483  0.252700800   
356765.402106671  -0.824518008  
356765.524176859  1.650012385   
356765.646247047  -0.240512953  
356765.768317235  -1.041880201  
356765.890387423  -2.805625280  
356766.012458611  0.021479352   
356766.134528799  0.187076635   
356766.256598987  -0.474671688  
356766.378669175  0.419964545   
356766.500739363  1.489257110   
356766.622809551  0.911630718   
356766.744879739  0.374185956   
356766.866949927  1.092042616   
356766.989020115  0.610680577   
356767.111090303  -0.976864803  
356767.233161491  -0.571555579  
356767.355231679  0.486450396   
356767.477301867  0.837895901   
356767.599372055  0.390801366   
356767.721442243  0.247812680   
356767.843512431  -0.322184923  
356767.965582619  0.009655164   
356768.087652807  0.968099493   
356768.209722996  0.910179042   
356768.331793184  -0.555991276  
356768.453863372  -0.877816979  
356768.575934560  0.199840656   
356768.698004748  1.901021608   
356768.820074936  1.336646672   
356768.942145124  -0.017864896  
356769.064215312  -0.639906084  
356769.186285500  -0.545875906  
356769.308355688  -1.892493248  
356769.430425876  -1.980757933  
356769.552496064  -0.002712485  
356769.674566252  -0.178080929  
356769.796637440  1.293708450   
356769.918707628  -0.214029380  
356770.040777816  0.215177655   
356770.162848004  0.296114984   
356770.284918192  -0.599962529  
356770.406988380  -1.204492684  
356770.529058568  -2.285034752  
356770.651128756  -1.234223936  
356770.773198944  -0.545230145  
356770.895269132  -0.159406902  
356771.017340320  0.461399065   
356771.139410508  -0.606163056  
356771.261480696  -0.218924851  
356771.383550884  -0.726772009  
356771.505621072  -1.622639403  
356771.627691260  -1.766253668  
356771.749761448  -1.687647777  
356771.871831636  -1.049791365  
356771.993901824  -1.579601905  
356772.115972012  -3.282624800  
356772.238043200  -1.692886921  
356772.360113388  -0.662077853  
356772.482183576  -1.749290604  
356772.604253764  -2.120231644  
356772.726323952  0.129432471   
356772.848394140  -0.651714294  
356772.970464328  -0.807065122  
356773.092534516  -0.961100543  
356773.214604704  -3.169882524  
356773.336674892  -3.900211138  
356773.458746080  -1.209893854  
356773.580816268  -0.810872258  
356773.702886456  -2.924454759  
356773.824956644  -1.645598823  
356773.947026832  -0.207798835  
356774.069097020  0.230285243   
356774.191167208  0.553773958   
356774.313237396  0.045346959   
356774.435307584  -0.766831699  
356774.557377772  -0.158471883  
356774.679448960  0.885002305   
356774.801519148  -0.665602615  
356774.923589336  -0.068046730  
356775.045659524  0.294692997   
356775.167729712  -0.837163975  
356775.289799900  -0.459451993  
356775.411870088  0.435251438   
356775.533940276  0.292561797   
356775.656010464  0.607507964   
356775.778080652  -0.356102574  
356775.900150840  1.503405328   
356776.022222028  -0.239377602  
356776.144292216  -0.860410452  
356776.266362404  -0.231495519  
356776.388432592  -0.099613978  
356776.510502780  -0.459622682  
356776.632572968  -0.149383410  
356776.754643156  -0.510752382  
356776.876713344  0.617991871   
356776.998783532  0.639615749   
356777.120853720  0.967424698   
356777.242924908  -0.596182553  
356777.364995096  -1.128855236  
356777.487065284  -1.427816113  
356777.609135472  -1.458623946  
356777.731205660  0.753369047   
356777.853275848  -0.672534600  
356777.975346036  -1.229405310  
356778.097416224  -4.972709987  
356778.219486412  -0.134568874  
356778.341556600  -0.753539034  
356778.463627788  -1.364425187  
356778.585697976  -1.499842167  
356778.707768164  0.591540937   
356778.829838352  0.017844586   
356778.951908540  -1.963424926  
356779.073978728  -1.556649978  
356779.196048916  -1.104722300  
356779.318119104  0.313574801   
356779.440189292  -1.781584298  
356779.562259480  0.761361692   
356779.684330668  0.072092831   
356779.806400856  -1.082950913  
356779.928471044  -0.967696301  
356780.050541233  0.492302522   
356780.172611421  -0.833983401  
356780.294681609  -1.387599548  
356780.416751797  -0.982894876  
356780.538821985  -1.228933750  
356780.660892173  -0.756629229  
356780.782962361  -2.095515696  
356780.905033549  -1.452838785  
356781.027103737  -1.616293708  
356781.149173925  -1.356799675  
356781.271244113  -0.644184313  
356781.393314301  1.747857192   
356781.515384489  0.319730140   
356781.637454677  -0.241711054  
356781.759524865  -0.678670505  
356781.881595053  0.392394884   
356782.003665241  -0.806447457  
356782.125735429  -0.925204353  
356782.247806617  -0.572675711  
356782.369876805  -0.495350104  
356782.491946993  -0.594014873  
356782.614017181  -1.855559812  
356782.736087369  -0.564255524  
356782.858157557  0.139468981   
356782.980227745  0.178704681   
356783.102297933  -0.273066216  
356783.224368121  -0.166133311  
356783.346438309  -0.841157020  
356783.468509497  0.030482855   
356783.590579685  -1.047825515  
356783.712649873  0.503010268   
356783.834720061  1.961404756   
356783.956790249  0.347757406   
356784.078860437  -0.087367455  
356784.200930625  -0.531103937  
356784.323000813  -1.130707761  
356784.445071001  -0.035943618  
356784.567141189  -0.304886710  
356784.689212377  -2.638493403  
356784.811282565  -0.738921597  
356784.933352753  -0.038385561  
356785.055422941  -1.718042585  
356785.177493129  -1.036327776  
356785.299563317  -0.504244193  
356785.421633505  -0.110075876  
356785.543703693  -0.752974285  
356785.665773881  -1.530835908  
356785.787844069  0.856774239   
356785.909915257  -0.318085251  
356786.031985445  -1.848940640  
356786.154055633  -1.457860177  
356786.276125821  0.147742502   
356786.398196009  -1.656633899  
356786.520266197  -0.731261433  
356786.642336385  -0.944865659  
356786.764406573  1.069677915   
356786.886476761  -1.159228035  
356787.008546949  0.168834083   
356787.130618137  -0.336222673  
356787.252688325  -0.342068149  
356787.374758513  -0.892615173  
356787.496828701  -1.392382117  
356787.618898889  -0.244661374  
356787.740969077  -0.997074469  
356787.863039265  -0.416456875  
356787.985109453  -1.272505558  
356788.107179641  0.229762921   
356788.229249829  0.240411055   
356788.351321017  0.812199370   
356788.473391205  0.136396721   
356788.595461393  1.234106866   
356788.717531581  0.894184855   
356788.839601769  0.667111421   
356788.961671957  0.769815126   
356789.083742145  1.257968666   
356789.205812333  1.307796727   
356789.327882521  -0.226469771  
356789.449952709  0.458568953   
356789.572022897  2.183589322   
356789.694094085  1.199693257   
356789.816164273  -0.092137099  
356789.938234461  -0.355304293  
356790.060304649  -0.077752212  
356790.182374837  -0.596139939  
356790.304445025  1.139332587   
356790.426515213  1.177521020   
356790.548585401  1.704872610   
356790.670655589  0.167113895   
356790.792725777  -0.150098431  
356790.914796965  1.065798663   
356791.036867153  0.321191790   
356791.158937341  -1.431251901  
356791.281007529  -0.456689595  
356791.403077717  0.813273610   
356791.525147905  0.350444036   
356791.647218093  -0.338059604  
356791.769288282  -0.591569502  
356791.891358469  0.713089733   
356792.013428657  1.204909455   
356792.135499845  0.836121579   
356792.257570034  0.432001464   
356792.379640222  1.273098403   
356792.501710410  -2.739925253  
356792.623780598  0.295847173   
356792.745850786  -1.607025930  
356792.867920974  -1.129448081  
356792.989991162  0.009049207   
356793.112061350  0.677147182   
356793.234131538  -0.167693535  
356793.356202726  0.895916096   
356793.478272914  2.199322675   
356793.600343102  1.380685826   
356793.722413290  2.087454682   
356793.844483478  0.324799578   
356793.966553666  0.812822186   
356794.088623854  1.095612333   
356794.210694042  0.081913276   
356794.332764230  3.310616851   
356794.454834418  3.670912894   
356794.576905606  2.462244535   
356794.698975794  3.458712110   
356794.821045982  3.603833775   
356794.943116170  3.313154005   
356795.065186358  2.955281324   
356795.187256546  2.449897800   
356795.309326734  5.076537570   
356795.431396922  4.302824460   
356795.553467110  5.241059240   
356795.675537298  3.255942534   
356795.797608486  7.132779822   
356795.919678674  5.699535848   
356796.041748862  4.534618182   
356796.163819050  3.963665750   
356796.285889238  2.875007879   
356796.407959426  3.376098658   
356796.530029614  3.765713865   
356796.652099802  3.670273688   
356796.774169990  3.280990026   
356796.896240178  3.714589129   
356797.018310366  3.270696709   
356797.140381554  2.486036561   
356797.262451742  2.478352046   
356797.384521930  1.974627179   
356797.506592118  3.467765414   
356797.628662306  4.065646896   
356797.750732494  2.389212142   
356797.872802682  0.963495808   
356797.994872870  0.751721629   
356798.116943058  0.973819094   
356798.239013246  2.938558958   
356798.361084434  1.228953417   
356798.483154622  0.749129218   
356798.605224810  0.135461186   
356798.727294998  1.789556807   
356798.849365186  2.009067948   
356798.971435374  1.299913661   
356799.093505562  1.801711078   
356799.215575750  -0.006771135  
356799.337645938  0.814451340   
356799.459716126  1.334976309   
356799.581787314  0.302090549   
356799.703857502  0.478203474   
356799.825927690  0.665431692   
356799.947997878  1.987692727   
356800.070068066  1.675643356   
356800.192138254  -0.248332286  
356800.314208442  -0.644889546  
356800.436278630  1.461155949   
356800.558348818  0.873205802   
356800.680419006  0.873349096   
356800.802490194  0.283164165   
356800.924560382  2.199223867   
356801.046630570  1.094042651   
356801.168700758  0.698204907   
356801.290770946  -0.566614731  
356801.412841134  1.138027016   
356801.534911322  -0.603329011  
356801.656981510  -0.058880991  
356801.779051698  -0.512826873  
356801.901121886  -0.285292649  
356802.023193074  -0.654901425  
356802.145263262  -2.036781839  
356802.267333450  0.049837568   
356802.389403638  0.352912212   
356802.511473826  -0.897649209  
356802.633544014  1.165249679   
356802.755614202  0.080045578   
356802.877684390  -0.550371886  
356802.999754578  0.166593586   
356803.121824766  -0.178585644  
356803.243894955  0.456306447   
356803.365966143  -0.606539087  
356803.488036330  1.464324817   
356803.610106518  2.556187144   
356803.732176707  0.068473757   
356803.854246895  0.093468239   
356803.976317083  -0.302740103  
356804.098387271  0.267808106   
356804.220457459  0.562552381   
356804.342527647  -0.885804941  
356804.464597835  -0.513755477  
356804.586669023  0.508836170   
356804.708739211  0.529483211   
356804.830809399  -1.823048835  
356804.952879587  0.473603067   
356805.074949775  -0.042164324  
356805.197019963  -0.573367364  
356805.319090151  -0.838323443  
356805.441160339  0.620766444   
356805.563230527  -0.174359769  
356805.685300715  0.426250019   
356805.807371903  -2.014160519  
356805.929442091  -0.516792289  
356806.051512279  -0.594699970  
356806.173582467  -1.313003560  
356806.295652655  1.662405012   
356806.417722843  0.861354978   
356806.539793031  -1.239353502  
356806.661863219  0.431187776   
356806.783933407  0.197237240   
356806.906003595  1.149926072   
356807.028074783  0.288834175   
356807.150144971  0.777310455   
356807.272215159  0.024956349   
356807.394285347  -0.507625660  
356807.516355535  -0.897233374  
356807.638425723  0.410104483   
356807.760495911  1.366115686   
356807.882566099  -0.897855253  
356808.004636287  -2.153341554  
356808.126706475  -0.394269044  
356808.248777663  1.686488778   
356808.370847851  0.116015336   
356808.492918039  -0.909234985  
356808.614988227  0.431787693   
356808.737058415  -0.239952044  
356808.859128603  -0.711185696  
356808.981198791  -0.118427178  
356809.103268979  0.048881194   
356809.225339167  -1.111157906  
356809.347409355  -1.484782672  
356809.469480543  -1.484387441  
356809.591550731  -0.596517375  
356809.713620919  -1.561124417  
356809.835691107  -1.942444468  
356809.957761295  -1.195404727  
356810.079831483  -1.470624152  
356810.201901671  -0.368861116  
356810.323971859  -0.135348564  
356810.446042047  -0.772593446  
356810.568112235  -0.435690312  
356810.690182423  0.642933999   
356810.812253611  -1.024224080  
356810.934323799  -1.075250476  
356811.056393987  0.725817649   
356811.178464175  -0.016714307  
356811.300534363  -0.168939541  
356811.422604551  -2.366969194  
356811.544674739  -1.756895511  
356811.666744927  -1.209369377  
356811.788815115  -0.513524146  
356811.910885303  0.035927982   
356812.032956491  0.029829283   
356812.155026679  0.165339713   
356812.277096867  -0.845493784  
356812.399167055  -0.224689923  
356812.521237243  0.389403028   
356812.643307431  -0.719136664  
356812.765377619  -1.240280233  
356812.887447807  0.511896396   
356813.009517995  -0.862043822  
356813.131588183  -0.971186879  
356813.253659371  -1.486981726  
356813.375729559  -1.509333315  
356813.497799747  -1.118046340  
356813.619869935  -1.044415014  
356813.741940123  0.978934143   
356813.864010311  -1.164382420  
356813.986080499  -0.852331176  
356814.108150687  -1.536193060  
356814.230220875  -0.244141112  
356814.352291063  -1.118354938  
356814.474362251  1.783330523   
356814.596432439  0.543567274   
356814.718502627  -0.791701711  
356814.840572815  -0.338351672  
356814.962643003  0.192610516   
356815.084713191  -1.072974624  
356815.206783379  -1.978778035  
356815.328853567  -2.736885632  
356815.450923755  -2.445391050  
356815.572993943  0.493386596   
356815.695065131  -0.044233533  
356815.817135320  -1.157083770  
356815.939205508  1.154059133   
356816.061275696  -0.215974532  
356816.183345884  -0.699465992  
356816.305416072  -0.440130660  
356816.427486260  -0.756544939  
356816.549556448  -0.805171856  
356816.671626636  -0.196322497  
356816.793696824  0.003378602   
356816.915768012  -0.356406770  
356817.037838200  -2.418966340  
356817.159908388  -1.499133187  
356817.281978576  -1.048621127  
356817.404048764  0.340782667   
356817.526118952  -0.075262588  
356817.648189140  0.187041373   
356817.770259328  -0.914824872  
356817.892329516  0.187691677   
356818.014399704  0.376809133   
356818.136469892  -0.010927511  
356818.258541080  1.384619867   
356818.380611268  0.835374668   
356818.502681456  -1.750886511  
356818.624751644  -0.707619725  
356818.746821832  -0.880757325  
356818.868892020  -1.275099842  
356818.990962208  -2.005303894  
356819.113032396  -0.032814873  
356819.235102584  1.349740786   
356819.357172772  -1.808078782  
356819.479243960  -1.478118544  
356819.601314148  -0.139831526  
356819.723384336  0.758293973   
356819.845454524  0.667861141   
356819.967524712  -0.546804511  
356820.089594900  0.548245884   
356820.211665088  0.428363003   
356820.333735276  0.574470169   
356820.455805464  0.019377162   
356820.577875652  1.012783003   
356820.699946840  2.069497456   
356820.822017028  1.639268581   
356820.944087216  1.563972042   
356821.066157404  -1.055882783  
356821.188227592  -3.057560297  
356821.310297780  -0.602414924  
356821.432367968  -1.265345519  
356821.554438156  -0.731775139  
356821.676508344  0.617096515   
356821.798578532  0.406525728   
356821.920649720  0.593876730   
356822.042719908  0.530800022   
356822.164790096  -1.176282413  
356822.286860284  -1.286425253  
356822.408930472  -1.450156463  
356822.531000660  0.467175423   
356822.653070848  -0.835372795  
356822.775141036  -0.669354962  
356822.897211224  -0.557388630  
356823.019281412  -1.210984484  
356823.141352600  0.181122845   
356823.263422788  -0.717571664  
356823.385492976  -0.514843766  
356823.507563164  -0.662818676  
356823.629633352  -0.489145362  
356823.751703540  -1.681558700  
356823.873773728  -1.922145361  
356823.995843916  -0.731344787  
356824.117914104  -1.706431990  
356824.239984292  0.141470327   
356824.362054480  -0.046898955  
356824.484125668  -0.744788708  
356824.606195856  -1.104134137  
356824.728266044  -0.853027512  
356824.850336232  -0.791641771  
356824.972406420  0.079752902   
356825.094476608  -1.068463191  
356825.216546796  -0.415089537  
356825.338616984  -1.494888675  
356825.460687172  -0.295189892  
356825.582757360  -0.331704871  
356825.704828548  0.325855087   
356825.826898736  -0.934633688  
356825.948968924  -1.285908738  
356826.071039112  2.146982746   
356826.193109300  1.638942188   
356826.315179488  -0.642485384  
356826.437249676  -0.563473024  
356826.559319864  0.946573017   
356826.681390052  -0.448928048  
356826.803460240  -0.413429991  
356826.925531428  0.404852696   
356827.047601616  -0.895714734  
356827.169671804  0.252590519   
356827.291741993  0.904146159   
356827.413812181  1.240054521   
356827.535882369  0.241299949   
356827.657952557  -0.234309100  
356827.780022745  -0.869813564  
356827.902092933  0.743092120   
356828.024163121  0.016216204   
356828.146234309  -0.150729160  
356828.268304497  -0.346756967  
356828.390374685  1.569871465   
356828.512444873  0.599049846   
356828.634515061  -2.039451049  
356828.756585249  -0.223675155  
356828.878655437  -0.276326070  
356829.000725625  -0.060283872  
356829.122795813  -1.069739260  
356829.244866001  -1.063955504  
356829.366937189  -0.498391130  
356829.489007377  -0.136687103  
356829.611077565  -0.888743413  
356829.733147753  0.401324469   
356829.855217941  0.678788044   
356829.977288129  -1.261557114  
356830.099358317  -0.713684451  
356830.221428505  -0.813806984  
356830.343498693  -1.395394109  
356830.465568881  -1.856199018  
356830.587640069  -1.924712485  
356830.709710257  -0.078553490  
356830.831780445  -1.612766605  
356830.953850633  -0.753558701  
356831.075920821  0.834422182   
356831.197991009  -0.792733337  
356831.320061197  0.103053465   
356831.442131385  0.587556790   
356831.564201573  0.123115528   
356831.686271761  0.567724560   
356831.808341949  0.040534772   
356831.930413137  3.230693682   
356832.052483325  2.383536559   
356832.174553513  1.290662741   
356832.296623701  0.263574646   
356832.418693889  0.973463200   
356832.540764077  0.189846479   
356832.662834265  -0.147828759  
356832.784904453  0.412608390   
356832.906974641  1.016503039   
356833.029044829  0.860225481   
356833.151116017  1.482745175   
356833.273186205  -0.017224988  
356833.395256393  -1.333807476  
356833.517326581  -2.263785031  
356833.639396769  -0.064716587  
356833.761466957  -0.197996935  
356833.883537145  0.243735579   
356834.005607333  2.361167175   
356834.127677521  1.126069423   
356834.249747709  2.133596425   
356834.371818897  2.174130016   
356834.493889085  1.790137477   
356834.615959273  0.833901452   
356834.738029461  0.599463339   
356834.860099649  -0.367586030  
356834.982169837  0.539711436   
356835.104240025  -0.273509586  
356835.226310213  0.616235812   
356835.348380401  0.317467820   
356835.470450589  1.185055216   
356835.592521777  0.880313393   
356835.714591965  0.891025354   
356835.836662153  1.293609174   
356835.958732341  1.036500572   
356836.080802529  0.759275025   
356836.202872717  -0.168750261  
356836.324942905  -1.052892331  
356836.447013093  -0.664910494  
356836.569083281  0.941780146   
356836.691153469  -0.478212372  
356836.813224657  -1.801493326  
356836.935294845  0.137555907   
356837.057365033  0.035233829   
356837.179435221  -0.172613544  
356837.301505409  -0.998881102  
356837.423575597  -0.538317828  
356837.545645785  1.870170693   
356837.667715973  -0.703844901  
356837.789786161  -1.505118305  
356837.911856349  -0.015771280  
356838.033927537  -0.760299159  
356838.155997725  -2.093289013  
356838.278067913  -0.175823199  
356838.400138101  0.429491985   
356838.522208289  0.117571907   
356838.644278477  -1.405382106  
356838.766348665  0.253610626   
356838.888418853  0.067455524   
356839.010489041  0.649359770   
356839.132559230  1.322373423   
356839.254629418  1.611138855   
356839.376700605  0.077319706   
356839.498770793  0.391338345   
356839.620840982  0.706046765   
356839.742911170  -1.371137079  
356839.864981358  -3.319337675  
356839.987051546  0.308582489   
356840.109121734  -0.641854608  
356840.231191922  1.510944675   
356840.353262110  -1.495764831  
356840.475332298  -2.016993628  
356840.597403486  -2.110169191  
356840.719473674  -1.001676749  
356840.841543862  -0.338500960  
356840.963614050  -0.359045916  
356841.085684238  -0.335070885  
356841.207754426  1.130366383   
356841.329824614  -0.731744700  
356841.451894802  -0.576075441  
356841.573964990  -2.770642708  
356841.696035178  -1.043561335  
356841.818106366  -1.628181526  
356841.940176554  -0.727441653  
356842.062246742  1.024636168   
356842.184316930  0.106492906   
356842.306387118  -2.401722307  
356842.428457306  -2.202306103  
356842.550527494  -1.260419656  
356842.672597682  -0.411602238  
356842.794667870  -1.294984988  
356842.916738058  -0.277326649  
356843.038809246  0.647666461   
356843.160879434  0.556016563   
356843.282949622  -0.603946676  
356843.405019810  -2.562052382  
356843.527089998  0.421424134   
356843.649160186  0.663402624   
356843.771230374  -1.803941507  
356843.893300562  -2.050883229  
356844.015370750  -0.574626107  
356844.137440938  -0.206957472  
356844.259512126  0.095566004   
356844.381582314  -1.149112198  
356844.503652502  -0.570860180  
356844.625722690  -0.305334903  
356844.747792878  -1.143404303  
356844.869863066  -0.798865028  
356844.991933254  -2.206966449  
356845.114003442  0.110003386   
356845.236073630  0.375090069   
356845.358143818  -0.055827415  
356845.480214006  -1.938022945  
356845.602285194  0.683751369   
356845.724355382  -0.187182935  
356845.846425570  0.313958465   
356845.968495758  -0.011464088  
356846.090565946  0.450434840   
356846.212636134  0.166687008   
356846.334706322  -0.122552419  
356846.456776510  1.198980531   
356846.578846698  0.359954384   
356846.700916886  -0.459853780  
356846.822988074  -1.405880826  
356846.945058262  0.053192484   
356847.067128450  -0.384472295  
356847.189198638  -1.109836413  
356847.311268826  -1.599620043  
356847.433339014  -0.631519146  
356847.555409202  -1.807581466  
356847.677479390  -0.986428536  
356847.799549578  -0.993816160  
356847.921619766  0.475573132   
356848.043690954  0.064683339   
356848.165761142  0.076579633   
356848.287831330  0.328861554   
356848.409901518  0.439268786   
356848.531971706  -0.304076582  
356848.654041894  -0.965152591  
356848.776112082  -0.348407803  
356848.898182270  -1.051630310  
356849.020252458  -0.260072034  
356849.142322646  -0.553981407  
356849.264393834  0.473250451   
356849.386464022  -0.709461012  
356849.508534210  -0.148900049  
356849.630604398  -1.179836677  
356849.752674586  -1.991214211  
356849.874744774  -0.083133105  
356849.996814962  -0.551401171  
356850.118885150  1.016278263   
356850.240955338  1.119000232   
356850.363025526  0.907947208   
356850.485096714  -0.812899452  
356850.607166902  -1.467094239  
356850.729237090  -0.287076571  
356850.851307278  -0.829119351  
356850.973377466  -0.962424846  
356851.095447654  -0.383944306  
356851.217517843  -0.025392971  
356851.339588031  1.856792332   
356851.461658219  -0.412009222  
356851.583728407  -1.280431706  
356851.705799595  1.517802672   
356851.827869783  -0.447349608  
356851.949939971  0.730533254   
356852.072010159  0.906059093   
356852.194080347  -1.336966041  
356852.316150535  -1.200700065  
356852.438220723  1.196993141   
356852.560290911  -0.297587498  
356852.682361099  -0.393576361  
356852.804431287  -0.069824424  
356852.926501475  -0.007764858  
356853.048572663  1.556028567   
356853.170642851  0.404573038   
356853.292713039  1.868384195   
356853.414783227  0.774969979   
356853.536853415  0.350470400   
356853.658923603  -0.339438321  
356853.780993791  2.479150468   
356853.903063979  1.253860424   
356854.025134167  0.420806142   
356854.147204355  -0.147213015  
