343002.673845168  -0.015633310  
343002.551774980  0.000295183   
343002.429704792  -0.002049950  
343002.307634604  0.000557553   
343002.185564416  -0.001643790  
343002.063493228  -0.006190803  
343001.941423040  -0.002994112  
343001.819352852  0.021319750   
343001.697282664  0.012593460   
343001.575212476  -0.025389450  
343001.453142288  0.010314810   
343001.331072100  0.008501770   
343001.209001912  0.022949460   
343001.086931724  -0.032049010  
343000.964861536  -0.013217000  
343000.842790348  0.007536743   
343000.720720160  0.008071939   
343000.598649971  0.010468650   
343000.476579783  0.026715940   
343000.354509595  0.006746581   
343000.232439407  -0.002870628  
343000.110369219  -0.015442000  
342999.988299031  -0.009754973  
342999.866228843  -0.006644802  
342999.744158655  -0.008689290  
342999.622087467  -0.003070318  
342999.500017279  -0.014263780  
342999.377947091  -0.007834202  
342999.255876903  -0.003004210  
342999.133806715  0.011682940   
342999.011736527  -0.015235680  
342998.889666339  0.006126610   
342998.767596151  -0.006886040  
342998.645525963  0.024502330   
342998.523455775  0.030522200   
342998.401385587  0.019691780   
342998.279314399  0.014975630   
342998.157244211  0.026749210   
342998.035174023  0.036018940   
342997.913103835  0.012801820   
342997.791033647  -0.015858960  
342997.668963459  0.002514528   
342997.546893271  0.025599730   
342997.424823083  0.023297410   
342997.302752895  0.032980620   
342997.180682707  0.022245460   
342997.058611519  0.000827900   
342996.936541331  0.033932320   
342996.814471143  0.027082090   
342996.692400955  0.018848480   
342996.570330767  0.000132310   
342996.448260579  0.002236369   
342996.326190391  -0.004003562  
342996.204120203  0.006262996   
342996.082050015  -0.001835789  
342995.959979827  -0.031701770  
342995.837908639  0.016360510   
342995.715838451  0.017803950   
342995.593768263  0.011589530   
342995.471698075  0.001893560   
342995.349627887  -0.016464560  
342995.227557699  0.009375273   
342995.105487511  0.018059860   
342994.983417323  0.019686170   
342994.861347135  0.022894110   
342994.739276947  0.014467530   
342994.617205759  -0.005589016  
342994.495135571  0.002520672   
342994.373065383  0.005041112   
342994.250995195  0.004790694   
342994.128925007  0.008591244   
342994.006854819  0.009944391   
342993.884784631  -0.014776740  
342993.762714443  -0.001412590  
342993.640644255  -0.000591957  
342993.518574067  0.000247097   
342993.396502879  -0.015882480  
342993.274432691  0.026380640   
342993.152362503  -0.019329660  
342993.030292315  -0.006473100  
342992.908222127  0.013896600   
342992.786151939  -0.007869756  
342992.664081751  -0.020819870  
342992.542011563  -0.023342760  
342992.419941375  -0.038203340  
342992.297871187  -0.019165470  
342992.175799999  -0.017842400  
342992.053729811  0.015942140   
342991.931659623  -0.011539640  
342991.809589435  -0.027903050  
342991.687519247  -0.013186870  
342991.565449059  -0.014510380  
342991.443378871  -0.000115481  
342991.321308683  -0.014728600  
342991.199238495  -0.021177420  
342991.077168307  -0.013939040  
342990.955098119  -0.022743590  
342990.833026931  -0.003770472  
342990.710956743  -0.007094668  
342990.588886555  -0.028336130  
342990.466816367  -0.011145300  
342990.344746179  -0.029335530  
342990.222675991  -0.039483870  
342990.100605803  -0.041076600  
342989.978535615  -0.007302513  
342989.856465427  -0.008314949  
342989.734395239  -0.001062586  
342989.612324051  0.004140003   
342989.490253863  -0.010429320  
342989.368183675  -0.020609400  
342989.246113487  -0.012292320  
342989.124043299  -0.008469907  
342989.001973111  -0.024638170  
342988.879902923  0.011274230   
342988.757832735  0.007411918   
342988.635762546  0.002843875   
342988.513692358  -0.019170560  
342988.391621171  -0.000402679  
342988.269550983  0.001233253   
342988.147480794  0.000979569   
342988.025410606  -0.002295061  
342987.903340418  -0.027671250  
342987.781270230  -0.003538494  
342987.659200042  -0.003924845  
342987.537129854  -0.019593320  
342987.415059666  0.003583212   
342987.292989478  -0.002726929  
342987.170918290  -0.010995710  
342987.048848102  0.005166417   
342986.926777914  0.022879520   
342986.804707726  0.024664030   
342986.682637538  -0.011808170  
342986.560567350  0.014816370   
342986.438497162  0.004511898   
342986.316426974  0.011439810   
342986.194356786  0.011871640   
342986.072286598  0.022220710   
342985.950215410  0.010351530   
342985.828145222  -0.008115142  
342985.706075034  -0.021192550  
342985.584004846  -0.017226870  
342985.461934658  -0.028390400  
342985.339864470  -0.014472250  
342985.217794282  -0.013401250  
342985.095724094  0.018303670   
342984.973653906  -0.022457010  
342984.851583718  -0.006818019  
342984.729513530  -0.017093940  
342984.607442342  -0.016191390  
342984.485372154  0.017729910   
342984.363301966  -0.001632981  
342984.241231778  -0.035867760  
342984.119161590  -0.001732018  
342983.997091402  -0.010087460  
342983.875021214  0.003332101   
342983.752951026  0.001784005   
342983.630880838  -0.014741730  
342983.508810650  -0.013257470  
342983.386739462  -0.012088930  
342983.264669274  0.003415283   
342983.142599086  0.007987017   
342983.020528898  -0.003492769  
342982.898458710  -0.016831960  
342982.776388522  -0.010723520  
342982.654318334  -0.047880170  
342982.532248146  -0.038241260  
342982.410177958  0.003339643   
342982.288107770  -0.008211688  
342982.166036582  -0.024469910  
342982.043966394  -0.013642100  
342981.921896206  -0.007695502  
342981.799826018  -0.013657470  
342981.677755830  0.008238417   
342981.555685642  0.011971410   
342981.433615454  -0.010939810  
342981.311545266  -0.002740780  
342981.189475078  -0.002202332  
342981.067404890  -0.010555840  
342980.945333702  -0.003332341  
342980.823263514  0.021881910   
342980.701193326  -0.007509620  
342980.579123138  -0.029744220  
342980.457052950  -0.039163350  
342980.334982762  -0.006998132  
342980.212912574  0.000155021   
342980.090842386  -0.045559540  
342979.968772198  -0.008683269  
342979.846702010  -0.002982692  
342979.724630822  -0.018998330  
342979.602560634  -0.024320100  
342979.480490446  -0.012351790  
342979.358420258  -0.012436480  
342979.236350070  0.023280410   
342979.114279882  -0.012888880  
342978.992209694  -0.007353317  
342978.870139506  -0.009583459  
342978.748069318  -0.007969999  
342978.625999130  -0.032910630  
342978.503927942  -0.047954160  
342978.381857754  -0.029296330  
342978.259787566  0.023514970   
342978.137717378  -0.013136310  
342978.015647190  -0.025826360  
342977.893577002  0.000372207   
342977.771506814  -0.007044690  
342977.649436626  -0.039087260  
342977.527366438  -0.008967967  
342977.405296250  0.013385730   
342977.283226062  0.004223126   
342977.161154874  -0.000206801  
342977.039084686  -0.017348700  
342976.917014498  -0.005094429  
342976.794944310  -0.013521080  
342976.672874121  0.012662990   
342976.550803933  -0.014597000  
342976.428733745  -0.004477133  
342976.306663557  -0.017467120  
342976.184593369  -0.015329750  
342976.062523181  0.014661030   
342975.940451993  -0.005809542  
342975.818381805  -0.014580530  
342975.696311617  0.003210829   
342975.574241429  -0.022200740  
342975.452171241  -0.013751510  
342975.330101053  0.018616840   
342975.208030865  -0.030545390  
342975.085960677  -0.017994770  
342974.963890489  0.001329312   
342974.841820301  -0.024261150  
342974.719749113  -0.010256450  
342974.597678925  0.012129250   
342974.475608737  -0.009474471  
342974.353538549  -0.007563309  
342974.231468361  0.030511780   
342974.109398173  0.009183576   
342973.987327985  0.008560092   
342973.865257797  0.000290793   
342973.743187609  -0.034373540  
342973.621117421  -0.017562760  
342973.499046233  0.035530130   
342973.376976045  0.001961677   
342973.254905857  0.022313430   
342973.132835669  0.005923310   
342973.010765481  0.004522632   
342972.888695293  -0.011319800  
342972.766625105  0.018968230   
342972.644554917  0.006562420   
342972.522484729  -0.012955330  
342972.400414541  0.020427030   
342972.278343353  -0.025365550  
342972.156273165  -0.002675871  
342972.034202977  -0.032410850  
342971.912132789  -0.029142360  
342971.790062601  -0.006675991  
342971.667992413  0.013203000   
342971.545922225  -0.006870900  
342971.423852037  0.024122840   
342971.301781849  -0.009641111  
342971.179711661  0.003698181   
342971.057640473  -0.004068520  
342970.935570285  -0.002269018  
342970.813500097  -0.021589390  
342970.691429909  -0.004287884  
342970.569359721  0.014264360   
342970.447289533  -0.027998980  
342970.325219345  -0.014202810  
342970.203149157  -0.027805380  
342970.081078969  -0.000088871  
342969.959008781  -0.006684703  
342969.836938593  -0.016422640  
342969.714867405  -0.002061249  
342969.592797217  -0.017945710  
342969.470727029  -0.020674710  
342969.348656841  -0.016947120  
342969.226586653  -0.021425570  
342969.104516465  -0.011341050  
342968.982446277  -0.012621190  
342968.860376089  -0.014426860  
342968.738305901  -0.009770107  
342968.616235713  0.006541244   
342968.494164525  0.002055947   
342968.372094337  0.010212940   
342968.250024149  0.019184680   
342968.127953961  0.001116963   
342968.005883773  -0.022544030  
342967.883813585  -0.002786107  
342967.761743397  -0.023379320  
342967.639673209  -0.017486860  
342967.517603021  0.004947976   
342967.395532833  0.003335594   
342967.273461645  0.031230930   
342967.151391457  0.015205080   
342967.029321269  0.031101110   
342966.907251081  0.040491660   
342966.785180893  0.016209630   
342966.663110705  0.006177276   
342966.541040517  0.022772640   
342966.418970329  -0.005418414  
342966.296900141  -0.001140987  
342966.174829953  -0.012886230  
342966.052758765  -0.007488099  
342965.930688577  -0.014743370  
342965.808618389  0.024024400   
342965.686548201  0.015119580   
342965.564478013  0.028571710   
342965.442407825  -0.029914120  
342965.320337637  -0.002465632  
342965.198267448  -0.025118820  
342965.076197260  -0.011174120  
342964.954127072  -0.013307200  
342964.832055884  -0.012537210  
342964.709985696  0.000667361   
342964.587915508  -0.020126300  
342964.465845320  -0.010930610  
342964.343775132  -0.023741390  
342964.221704944  -0.012486050  
342964.099634756  -0.011891970  
342963.977564568  -0.007646153  
342963.855494380  0.014654100   
342963.733424192  -0.023542520  
342963.611354004  -0.033562760  
342963.489282816  -0.046992110  
342963.367212628  -0.037246210  
342963.245142440  -0.016028260  
342963.123072252  -0.005263783  
342963.001002064  0.001389583   
342962.878931876  -0.042353240  
342962.756861688  -0.021511410  
342962.634791500  -0.009523746  
342962.512721312  0.007815879   
342962.390651124  0.005618819   
342962.268579936  -0.007033975  
342962.146509748  -0.010371200  
342962.024439560  -0.008936849  
342961.902369372  -0.021614880  
342961.780299184  -0.027650570  
342961.658228996  -0.015179170  
342961.536158808  -0.000402578  
342961.414088620  0.001565715   
342961.292018432  -0.046108510  
342961.169948244  -0.004385600  
342961.047877056  0.005791601   
342960.925806868  -0.015575550  
342960.803736680  0.022483460   
342960.681666492  0.001903704   
342960.559596304  -0.019989680  
342960.437526116  0.009754398   
342960.315455928  -0.014086360  
342960.193385740  -0.022749200  
342960.071315552  -0.017300480  
342959.949245364  -0.020608820  
342959.827174176  0.010846460   
342959.705103988  -0.004667722  
342959.583033800  -0.019280550  
342959.460963612  -0.015097350  
342959.338893424  -0.022871760  
342959.216823236  -0.016854520  
342959.094753048  0.013234550   
342958.972682860  -0.006797629  
342958.850612672  -0.019929470  
342958.728542484  -0.035504890  
342958.606471296  -0.007810760  
342958.484401108  -0.011552190  
342958.362330920  -0.010739010  
342958.240260732  -0.017241350  
342958.118190544  -0.002615148  
342957.996120356  -0.007097967  
342957.874050168  -0.034394870  
342957.751979980  -0.013454980  
342957.629909792  -0.005206174  
342957.507839604  -0.008047067  
342957.385768416  -0.026008660  
342957.263698228  -0.024326640  
342957.141628040  -0.017277420  
342957.019557852  -0.007025828  
342956.897487664  0.011085080   
342956.775417476  0.001793958   
342956.653347288  -0.022006640  
342956.531277100  0.000270807   
342956.409206912  -0.018336270  
342956.287136724  -0.021132230  
342956.165066536  -0.021414760  
342956.042995348  -0.003253972  
342955.920925160  -0.017844210  
342955.798854972  -0.030941950  
342955.676784784  -0.028099980  
342955.554714596  -0.022173900  
342955.432644408  -0.000379619  
342955.310574220  -0.000573811  
342955.188504032  -0.024884120  
342955.066433844  -0.020931750  
342954.944363656  -0.024953040  
342954.822292468  -0.018193400  
342954.700222280  0.004292117   
342954.578152092  -0.005018295  
342954.456081904  -0.004560338  
342954.334011716  -0.004131268  
342954.211941528  -0.012998230  
342954.089871340  -0.012431040  
342953.967801152  -0.021487820  
342953.845730964  -0.014244580  
342953.723660776  -0.020228100  
342953.601589588  -0.001210600  
342953.479519400  0.004665328   
342953.357449212  -0.004640706  
342953.235379024  -0.006147868  
342953.113308835  -0.008816157  
342952.991238647  -0.027115720  
342952.869168459  -0.017962120  
342952.747098271  -0.025234780  
342952.625028083  -0.039221570  
342952.502957895  0.005103044   
342952.380886707  -0.015410660  
342952.258816519  -0.033733340  
342952.136746331  0.005914764   
342952.014676143  0.025359680   
342951.892605955  -0.010743390  
342951.770535767  -0.013426640  
342951.648465579  -0.011368430  
342951.526395391  0.011075410   
342951.404325203  0.009479630   
342951.282255015  0.008443559   
342951.160183827  -0.000170414  
342951.038113639  0.010718160   
342950.916043451  -0.014083270  
342950.793973263  0.001426192   
342950.671903075  0.016986850   
342950.549832887  -0.004637463  
342950.427762699  0.030414540   
342950.305692511  0.027919650   
342950.183622323  -0.003335597  
342950.061552135  0.001080360   
342949.939480947  0.016305540   
342949.817410759  0.019386710   
342949.695340571  0.011094100   
342949.573270383  0.029997970   
342949.451200195  -0.002908593  
342949.329130007  0.002352893   
342949.207059819  0.010973110   
342949.084989631  0.035968640   
342948.962919443  0.003816168   
342948.840849255  0.012365350   
342948.718779067  0.043441830   
342948.596707879  0.026900600   
342948.474637691  0.026483410   
342948.352567503  0.037311330   
342948.230497315  0.014688420   
342948.108427127  0.024022590   
342947.986356939  0.038535640   
342947.864286751  0.046406120   
342947.742216563  0.053972810   
342947.620146375  0.058225840   
342947.498076187  0.036769230   
342947.376004999  0.058698150   
342947.253934811  0.067129630   
342947.131864623  0.083774370   
342947.009794435  0.092927620   
342946.887724247  0.083991980   
342946.765654059  0.065619570   
342946.643583871  0.081188660   
342946.521513683  0.075352800   
342946.399443495  0.088790210   
342946.277373307  0.104610900   
342946.155302119  0.078147940   
342946.033231931  0.090437010   
342945.911161743  0.094076570   
342945.789091555  0.069583750   
342945.667021367  0.071347620   
342945.544951179  0.060621370   
342945.422880991  0.043801670   
342945.300810803  0.048603870   
342945.178740615  0.031510760   
342945.056670427  0.029671390   
342944.934599239  0.014663970   
342944.812529051  0.016922170   
342944.690458863  0.025016380   
342944.568388675  0.044926000   
342944.446318487  -0.007673945  
342944.324248299  0.005131438   
342944.202178111  0.030910600   
342944.080107923  0.018219530   
342943.958037735  -0.003281716  
342943.835967547  -0.007193678  
342943.713896359  0.014374000   
342943.591826171  0.017510800   
342943.469755983  0.025461230   
342943.347685795  0.021200050   
342943.225615607  -0.031392860  
342943.103545419  -0.035091100  
342942.981475231  -0.009702729  
342942.859405043  0.008479262   
342942.737334855  0.015898330   
342942.615264667  -0.029435060  
342942.493194479  -0.014711720  
342942.371123291  -0.017889190  
342942.249053103  0.000334444   
342942.126982915  -0.001366132  
342942.004912727  0.002346071   
342941.882842539  -0.023671250  
342941.760772351  -0.014582570  
342941.638702162  -0.004561318  
342941.516631974  -0.001008184  
342941.394561786  0.003157794   
342941.272491598  -0.010176450  
342941.150420410  -0.015278460  
342941.028350222  0.017245100   
342940.906280034  0.019636470   
342940.784209846  0.003028189   
342940.662139658  -0.017837780  
342940.540069470  -0.018012810  
342940.417999282  -0.011987130  
342940.295929094  -0.007504834  
342940.173858906  0.022379430   
342940.051788718  -0.015987010  
342939.929717530  -0.008175708  
342939.807647342  0.000204949   
342939.685577154  0.011889970   
342939.563506966  -0.004328092  
342939.441436778  0.007443200   
342939.319366590  0.003006460   
342939.197296402  0.004413296   
342939.075226214  0.038237990   
342938.953156026  0.013237700   
342938.831085838  0.024474150   
342938.709014650  -0.006948768  
342938.586944462  -0.012540370  
342938.464874274  -0.007264046  
342938.342804086  -0.009917899  
342938.220733898  0.005960457   
342938.098663710  0.012636470   
342937.976593522  0.025584390   
342937.854523334  -0.005096676  
342937.732453146  -0.000812537  
342937.610382958  -0.002672740  
342937.488311770  0.004897320   
342937.366241582  0.029658340   
342937.244171394  0.009239474   
342937.122101206  0.006413823   
342937.000031018  0.051255550   
342936.877960830  0.004686571   
342936.755890642  0.027111950   
342936.633820454  0.034584590   
342936.511750266  0.056364700   
342936.389680078  0.037810330   
342936.267608890  0.032661780   
342936.145538702  0.047127010   
342936.023468514  0.038722810   
342935.901398326  0.070556940   
342935.779328138  0.041299800   
342935.657257950  0.029731860   
342935.535187762  0.048687600   
342935.413117574  0.063952670   
342935.291047386  0.043226020   
342935.168977198  0.063351220   
342935.046907010  0.083146390   
342934.924835822  0.105542500   
342934.802765634  0.077653120   
342934.680695446  0.058063120   
342934.558625258  0.066608580   
342934.436555070  0.079019510   
342934.314484882  0.058698940   
342934.192414694  0.056652580   
342934.070344506  0.037977390   
342933.948274318  0.056948130   
342933.826204130  0.009877966   
342933.704132942  0.031245070   
342933.582062754  0.046850510   
342933.459992566  0.019294220   
342933.337922378  0.012658330   
342933.215852190  0.011135510   
342933.093782002  0.024215820   
342932.971711814  0.010598540   
342932.849641626  0.017496110   
342932.727571438  -0.014397910  
342932.605501250  -0.019710640  
342932.483430062  -0.008536402  
342932.361359874  -0.001167615  
342932.239289686  0.015732980   
342932.117219498  0.027365880   
342931.995149310  0.043127810   
342931.873079122  0.001507201   
342931.751008934  -0.016004060  
342931.628938746  0.015175820   
342931.506868558  -0.010437370  
342931.384798370  0.000280399   
342931.262727182  0.002938066   
342931.140656994  0.033219240   
342931.018586806  -0.011745710  
342930.896516618  -0.019699830  
342930.774446430  0.015897370   
342930.652376242  0.021383810   
342930.530306054  0.011094290   
342930.408235866  0.000393647   
342930.286165678  -0.010711750  
342930.164095490  -0.017032300  
342930.042024302  0.031293220   
342929.919954114  0.012946610   
342929.797883926  0.024320600   
342929.675813737  -0.003138306  
342929.553743550  0.003312848   
342929.431673362  -0.005537838  
342929.309603174  0.004353140   
342929.187532985  0.005053491   
342929.065462797  -0.001359110  
342928.943392609  0.015068040   
342928.821321421  -0.013778360  
342928.699251233  -0.005895802  
342928.577181045  -0.006496646  
342928.455110857  -0.010399340  
342928.333040669  -0.003338882  
342928.210970481  0.009627926   
342928.088900293  -0.004458971  
342927.966830105  -0.009713739  
342927.844759917  -0.015303510  
342927.722689729  -0.002884760  
342927.600619541  -0.005134854  
342927.478548353  -0.018533760  
342927.356478165  -0.010917220  
342927.234407977  -0.010481280  
342927.112337789  -0.023547200  
342926.990267601  -0.028641150  
342926.868197413  -0.015907620  
342926.746127225  0.009642625   
342926.624057037  0.021946710   
342926.501986849  0.020253690   
342926.379916661  0.027250220   
342926.257845473  -0.008632421  
342926.135775285  0.005875746   
342926.013705097  0.016867290   
342925.891634909  -0.012799250  
342925.769564721  0.000098268   
342925.647494533  0.008975776   
342925.525424345  -0.017966600  
342925.403354157  -0.015380250  
342925.281283969  0.007666088   
342925.159213781  0.001148298   
342925.037142593  0.008570026   
342924.915072405  -0.003458933  
342924.793002217  0.007246577   
342924.670932029  0.007123381   
342924.548861841  -0.026003260  
342924.426791653  0.006877556   
342924.304721465  0.016090010   
342924.182651277  0.033972840   
342924.060581089  -0.011680430  
342923.938510901  -0.014753740  
342923.816439713  -0.001026998  
342923.694369525  -0.020121370  
342923.572299337  -0.017248440  
342923.450229149  0.006198220   
342923.328158961  0.014306290   
342923.206088773  0.002591644   
342923.084018585  -0.010074870  
342922.961948397  -0.015315760  
342922.839878209  -0.056327910  
342922.717808021  -0.008002388  
342922.595736833  0.006197835   
342922.473666645  -0.003804413  
342922.351596457  -0.038352580  
342922.229526269  -0.012141310  
342922.107456081  -0.028745140  
342921.985385893  -0.036142690  
342921.863315705  -0.007385980  
342921.741245517  -0.010721810  
342921.619175329  -0.031761650  
342921.497105141  -0.019962370  
342921.375034953  -0.019402590  
342921.252963765  -0.009461629  
342921.130893577  -0.008885262  
342921.008823389  -0.031580930  
342920.886753201  0.000397317   
342920.764683013  0.008883670   
342920.642612825  -0.005727828  
342920.520542637  -0.002040288  
342920.398472449  0.004687856   
342920.276402261  0.008903394   
342920.154332073  -0.009164010  
342920.032260885  0.015042710   
342919.910190697  0.018199740   
342919.788120509  -0.013840270  
342919.666050321  -0.013786190  
342919.543980133  -0.010427150  
342919.421909945  -0.006170505  
342919.299839757  0.010287820   
342919.177769569  0.021329980   
342919.055699381  0.020952100   
342918.933629193  0.009783160   
342918.811558005  0.004264231   
342918.689487817  0.000117195   
342918.567417629  -0.003390856  
342918.445347441  -0.015435910  
342918.323277253  -0.003508316  
342918.201207065  -0.007953620  
342918.079136877  -0.003707042  
342917.957066689  -0.006204500  
342917.834996501  0.013726230   
342917.712926312  -0.016298260  
342917.590855124  -0.003683059  
342917.468784936  -0.027697660  
342917.346714748  -0.024546530  
342917.224644560  -0.011133630  
342917.102574372  0.015181440   
342916.980504184  0.026793460   
342916.858433996  -0.007097225  
342916.736363808  -0.025618780  
342916.614293620  0.011350330   
342916.492223432  0.024693250   
342916.370152244  0.000444745   
342916.248082056  0.016686930   
342916.126011868  0.017448630   
342916.003941680  0.006609555   
342915.881871492  -0.002010291  
342915.759801304  0.031095030   
342915.637731116  -0.019910100  
342915.515660928  -0.007545349  
342915.393590740  -0.006350646  
342915.271520552  -0.005659953  
342915.149449364  0.002626947   
342915.027379176  -0.009135230  
342914.905308988  -0.002426261  
342914.783238800  -0.000889497  
342914.661168612  0.004973037   
342914.539098424  -0.004318304  
342914.417028236  -0.006153728  
342914.294958048  -0.026649820  
342914.172887860  -0.002645826  
342914.050817672  0.008848834   
342913.928747484  0.009489547   
342913.806676296  -0.003278655  
342913.684606108  -0.000218240  
342913.562535920  0.024442660   
342913.440465732  0.021657580   
342913.318395544  -0.013510150  
342913.196325356  0.009354145   
342913.074255168  0.004847558   
342912.952184980  -0.020077050  
342912.830114792  -0.025046950  
342912.708044604  -0.011148590  
342912.585973416  0.030059520   
342912.463903228  0.003258489   
342912.341833040  -0.028317520  
342912.219762852  -0.009177033  
342912.097692664  -0.010386640  
342911.975622476  0.014089770   
342911.853552288  0.004647450   
342911.731482100  -0.022655580  
342911.609411912  0.009202531   
342911.487341724  0.021236440   
342911.365270536  0.006913388   
342911.243200348  0.013453460   
342911.121130160  -0.006719372  
342910.999059972  0.002498641   
342910.876989784  -0.000814297  
342910.754919596  0.034468470   
342910.632849408  -0.037735950  
342910.510779220  -0.009468665  
342910.388709032  0.003136279   
342910.266638844  0.016672050   
342910.144567656  -0.017040370  
342910.022497468  0.006153806   
342909.900427280  0.014931080   
342909.778357092  0.000956230   
342909.656286904  -0.026773700  
342909.534216716  -0.028686150  
342909.412146528  -0.036499830  
342909.290076340  -0.005443776  
342909.168006152  0.004838868   
342909.045935964  0.011004580   
342908.923864776  -0.012877580  
342908.801794588  -0.018191580  
342908.679724400  -0.036467530  
342908.557654212  -0.006677830  
342908.435584024  0.012091950   
342908.313513836  0.015845630   
342908.191443648  0.002785841   
342908.069373460  -0.020614150  
342907.947303272  -0.037512720  
342907.825233084  0.015881180   
342907.703161896  0.013291940   
342907.581091708  0.004399649   
342907.459021520  -0.021758550  
342907.336951332  0.015817070   
342907.214881144  -0.001353078  
342907.092810956  -0.002084238  
342906.970740768  -0.031032800  
342906.848670580  0.019174240   
342906.726600392  -0.003780813  
342906.604530204  -0.021804330  
342906.482460016  -0.016187970  
342906.360388828  -0.001620683  
342906.238318640  0.002425476   
342906.116248451  0.005410030   
342905.994178263  -0.002848338  
342905.872108075  0.012782830   
342905.750037887  0.020397780   
342905.627967699  -0.008868692  
342905.505897511  -0.022252510  
342905.383827323  -0.000699423  
342905.261757135  -0.019019640  
342905.139685947  -0.011306670  
342905.017615759  -0.004663981  
342904.895545571  0.018353890   
342904.773475383  -0.004555995  
342904.651405195  -0.003723570  
342904.529335007  0.016419930   
342904.407264819  0.013838830   
342904.285194631  -0.015850650  
342904.163124443  -0.014380460  
342904.041054255  0.017010900   
342903.918983067  0.004325965   
342903.796912879  0.007422538   
342903.674842691  0.001806594   
342903.552772503  -0.029664710  
342903.430702315  -0.022245770  
342903.308632127  0.001353517   
342903.186561939  -0.015366410  
342903.064491751  -0.009620804  
342902.942421563  0.007327274   
342902.820351375  -0.007000084  
342902.698280187  0.004495331   
342902.576209999  -0.003374601  
342902.454139811  -0.013370620  
342902.332069623  -0.035167890  
342902.209999435  -0.021530230  
342902.087929247  -0.017639870  
342901.965859059  -0.006442535  
342901.843788871  -0.022758030  
342901.721718683  0.014685700   
342901.599648495  -0.000408926  
342901.477577307  -0.013866660  
342901.355507119  -0.013099490  
342901.233436931  -0.019718370  
342901.111366743  0.008868157   
342900.989296555  0.012688660   
342900.867226367  -0.027487010  
342900.745156179  -0.033813760  
342900.623085991  -0.016211110  
342900.501015803  0.001121391   
342900.378945615  -0.000826825  
342900.256875427  -0.001928323  
342900.134804239  -0.025808090  
342900.012734051  0.022165600   
342899.890663863  -0.010197310  
342899.768593675  -0.000406325  
342899.646523487  -0.019129840  
342899.524453299  -0.014229310  
342899.402383111  -0.015356020  
342899.280312923  -0.003035073  
342899.158242735  -0.003284169  
342899.036172547  -0.003606237  
342898.914101359  -0.006246027  
342898.792031171  -0.031549070  
342898.669960983  -0.010244880  
342898.547890795  -0.007092998  
342898.425820607  -0.025069010  
342898.303750419  -0.023953340  
342898.181680231  -0.005282520  
342898.059610043  0.020829080   
342897.937539855  0.022189920   
342897.815469667  -0.025381150  
342897.693398479  -0.010571780  
342897.571328291  -0.001303170  
342897.449258103  -0.020426190  
342897.327187915  0.006777084   
342897.205117727  0.005175348   
342897.083047539  -0.007339171  
342896.960977351  -0.009230107  
342896.838907163  -0.004290592  
342896.716836975  0.012803800   
342896.594766787  0.010472950   
342896.472695599  -0.004918462  
342896.350625411  -0.005603258  
342896.228555223  0.017458370   
342896.106485035  0.012005190   
342895.984414847  0.020907760   
342895.862344659  0.016512570   
342895.740274471  0.038600050   
342895.618204283  0.048080030   
342895.496134095  0.012415520   
342895.374063907  -0.022452920  
342895.251992719  -0.002475661  
342895.129922531  0.003369405   
342895.007852343  -0.007419326  
342894.885782155  0.002176031   
342894.763711967  -0.002383771  
342894.641641779  0.011864580   
342894.519571591  0.034734380   
342894.397501403  0.011543990   
342894.275431215  -0.001251577  
342894.153361026  0.000001393   
342894.031289838  -0.004756800  
342893.909219650  -0.014704370  
342893.787149462  -0.019829470  
342893.665079274  -0.044823760  
342893.543009086  -0.008363753  
342893.420938898  0.005416553   
342893.298868710  -0.013468850  
342893.176798522  -0.021889700  
342893.054728334  0.014560740   
342892.932658146  0.012175070   
342892.810587958  0.004880476   
342892.688516770  0.005316484   
342892.566446582  0.003823455   
342892.444376394  -0.015435850  
342892.322306206  -0.026886080  
342892.200236018  0.019719510   
342892.078165830  -0.011825080  
342891.956095642  0.034779180   
342891.834025454  -0.000551626  
342891.711955266  0.020176160   
342891.589885078  -0.000038003  
342891.467813890  -0.007887812  
342891.345743702  0.028722760   
342891.223673514  0.009439980   
342891.101603326  0.013935020   
342890.979533138  0.023139850   
342890.857462950  -0.009142973  
342890.735392762  -0.027841350  
342890.613322574  -0.009219413  
342890.491252386  -0.001529065  
342890.369182198  -0.030947750  
342890.247111010  -0.010000610  
342890.125040822  0.010624370   
342890.002970634  0.014526360   
342889.880900446  -0.004359989  
342889.758830258  -0.010784550  
342889.636760070  -0.004248660  
342889.514689882  0.005696161   
342889.392619694  0.003483443   
342889.270549506  0.019011340   
342889.148479318  0.000262488   
342889.026408130  0.011806350   
342888.904337942  0.029770690   
342888.782267754  0.032768800   
342888.660197566  0.034421970   
342888.538127378  0.019309300   
342888.416057190  0.014584020   
342888.293987002  0.024036050   
342888.171916814  0.030148080   
342888.049846626  0.002728818   
342887.927776438  0.000663678   
342887.805705250  -0.004255824  
342887.683635062  0.012181350   
342887.561564874  0.021989030   
342887.439494686  0.045854290   
342887.317424498  0.018107100   
342887.195354310  0.029602720   
342887.073284122  0.007971771   
342886.951213934  0.032104730   
342886.829143746  0.061169870   
342886.707073558  0.034611030   
342886.585002370  0.046358370   
342886.462932182  0.045758550   
342886.340861994  0.017935250   
342886.218791806  0.039590920   
342886.096721618  0.027948020   
342885.974651430  0.070876410   
342885.852581242  0.079044240   
342885.730511054  0.057923090   
342885.608440866  0.105831500   
342885.486370678  0.134469800   
342885.364300490  0.178143000   
342885.242229302  0.221256200   
342885.120159114  0.253615400   
342884.998088926  0.309762100   
342884.876018738  0.377487000   
342884.753948550  0.444393700   
342884.631878362  0.517063300   
342884.509808174  0.611569300   
342884.387737986  0.682134900   
342884.265667798  0.728832400   
342884.143597610  0.818218400   
342884.021526422  0.919297900   
342883.899456234  0.996030000   
342883.777386046  1.070185000   
342883.655315858  1.098205000   
342883.533245670  1.134260000   
342883.411175482  1.127386000   
342883.289105294  1.102505000   
342883.167035106  0.999619400   
342883.044964918  0.860581400   
342882.922894730  0.787282500   
342882.800823542  0.846139400   
342882.678753354  0.908285700   
342882.556683165  0.891221700   
342882.434612977  0.868783800   
342882.312542789  0.872208700   
342882.190472601  0.837599600   
342882.068402413  0.818290600   
342881.946332225  0.778177900   
342881.824262037  0.752011800   
342881.702191849  0.714444400   
342881.580120661  0.651453700   
342881.458050473  0.581589200   
342881.335980285  0.477624400   
342881.213910097  0.386328000   
342881.091839909  0.289876300   
342880.969769721  0.229668400   
342880.847699533  0.139124900   
342880.725629345  0.110238600   
342880.603559157  0.080678240   
342880.481488969  0.112747100   
342880.359417781  0.113135800   
342880.237347593  0.062552690   
342880.115277405  0.034893520   
342879.993207217  0.043589390   
342879.871137029  0.046997440   
342879.749066841  0.056768690   
342879.626996653  0.046738930   
342879.504926465  0.030099110   
342879.382856277  0.026355120   
342879.260786089  0.031807720   
342879.138715901  0.004316482   
342879.016644713  0.019595570   
342878.894574525  0.051146100   
342878.772504337  0.040666970   
342878.650434149  0.033778280   
342878.528363961  0.028379840   
342878.406293773  0.034816440   
342878.284223585  0.018711510   
342878.162153397  -0.012231100  
342878.040083209  0.019001350   
342877.918013021  0.014954110   
342877.795941833  0.020765630   
342877.673871645  0.026428230   
342877.551801457  0.009644662   
342877.429731269  -0.006771897  
342877.307661081  -0.002311996  
342877.185590893  0.021702920   
342877.063520705  0.013437230   
342876.941450517  0.016142940   
342876.819380329  0.020138980   
342876.697310141  0.041651420   
342876.575238953  0.015306700   
342876.453168765  0.014905950   
342876.331098577  -0.010642320  
342876.209028389  0.022280350   
342876.086958201  -0.008641314  
342875.964888013  -0.011791650  
342875.842817825  -0.016578990  
342875.720747637  -0.004755153  
342875.598677449  0.011361720   
342875.476607261  -0.012547320  
342875.354536073  -0.002468818  
342875.232465885  -0.020777230  
342875.110395697  -0.030562220  
342874.988325509  -0.011032680  
342874.866255321  -0.010053070  
342874.744185133  -0.001543898  
342874.622114945  0.029633590   
342874.500044757  -0.010297020  
342874.377974569  0.007576506   
342874.255904381  0.016934430   
342874.133833193  -0.020175640  
342874.011763005  -0.025642070  
342873.889692817  -0.008976631  
342873.767622629  0.012475240   
342873.645552441  -0.008341062  
342873.523482253  -0.000308430  
342873.401412065  -0.024185490  
342873.279341877  -0.025209100  
342873.157271689  0.006825161   
342873.035201501  0.021669790   
342872.913130313  0.016008310   
342872.791060125  0.004782246   
342872.668989937  0.018943180   
342872.546919749  -0.019507170  
342872.424849561  -0.021392190  
342872.302779373  -0.011695770  
342872.180709185  -0.013551810  
342872.058638997  -0.024670210  
342871.936568809  -0.033615380  
342871.814498621  0.008712799   
342871.692428433  -0.003677614  
342871.570357245  0.006579908   
342871.448287057  -0.008607390  
342871.326216869  0.000677604   
342871.204146681  -0.026714530  
342871.082076493  -0.048579640  
342870.960006305  -0.016039760  
342870.837936117  -0.030010810  
342870.715865929  0.006320554   
342870.593795741  -0.003730989  
342870.471725553  -0.013213400  
342870.349654365  -0.027505970  
342870.227584177  -0.015755980  
342870.105513988  0.012245800   
342869.983443800  0.027010850   
342869.861373612  0.029444330   
342869.739303424  -0.007288638  
342869.617233236  -0.018055260  
342869.495163048  0.001282078   
342869.373092860  0.006004761   
342869.251022672  0.031251780   
342869.128951484  0.029934130   
342869.006881296  0.012579710   
342868.884811108  -0.011057440  
342868.762740920  -0.007290004  
342868.640670732  -0.004894783  
342868.518600544  -0.003778831  
342868.396530356  -0.006328919  
342868.274460168  -0.025012680  
342868.152389980  -0.012424480  
342868.030319792  -0.045011450  
342867.908248604  -0.004874813  
342867.786178416  0.027212080   
342867.664108228  -0.002125124  
342867.542038040  0.002316866   
342867.419967852  0.004730506   
342867.297897664  0.017381300   
342867.175827476  0.005573188   
342867.053757288  -0.015609860  
342866.931687100  0.001687565   
342866.809616912  -0.001034443  
342866.687545724  0.007023609   
342866.565475536  0.016735210   
342866.443405348  -0.000320945  
342866.321335160  -0.012367770  
342866.199264972  0.021589240   
342866.077194784  0.020627530   
342865.955124596  -0.011388410  
342865.833054408  -0.009876770  
342865.710984220  -0.025103180  
342865.588914032  0.000422804   
342865.466842844  0.004271006   
342865.344772656  0.006991173   
342865.222702468  -0.015514780  
342865.100632280  -0.006949442  
342864.978562092  0.000407253   
342864.856491904  -0.005852446  
342864.734421716  -0.013491170  
342864.612351528  0.010156090   
342864.490281340  0.048079130   
342864.368211152  0.012675760   
342864.246140964  0.014130650   
342864.124069776  0.033893260   
342864.001999588  0.015537470   
342863.879929400  0.010430420   
342863.757859212  0.000118802   
342863.635789024  0.012924810   
342863.513718836  0.001697327   
342863.391648648  0.030691360   
342863.269578460  0.009323132   
342863.147508272  -0.008011329  
342863.025438084  0.010973070   
342862.903366896  -0.019202860  
342862.781296708  -0.011462000  
342862.659226520  0.037487370   
342862.537156332  0.028347530   
342862.415086144  -0.015800670  
342862.293015956  -0.011683840  
342862.170945768  -0.019298090  
342862.048875580  -0.004901111  
342861.926805392  -0.012730030  
342861.804735204  -0.004604559  
342861.682664016  0.005158115   
342861.560593828  -0.009826610  
342861.438523640  0.027069060   
342861.316453452  0.012390190   
342861.194383264  0.004967389   
342861.072313076  0.012308020   
342860.950242888  -0.006341565  
342860.828172700  0.027402360   
342860.706102512  0.008206498   
342860.584032324  0.016300960   
342860.461961136  0.017335970   
342860.339890948  0.019775770   
342860.217820760  -0.009241404  
342860.095750572  0.007998796   
342859.973680384  -0.003543924  
342859.851610196  -0.008006955  
342859.729540008  -0.021891470  
342859.607469820  0.010787770   
342859.485399632  -0.004439598  
342859.363329444  -0.009776494  
342859.241258256  -0.027439340  
342859.119188068  -0.030155030  
342858.997117880  -0.008299700  
342858.875047692  0.007471329   
342858.752977504  0.006966162   
342858.630907315  -0.003743682  
342858.508837127  -0.022933960  
342858.386766939  -0.013073770  
342858.264696751  -0.029582600  
342858.142626563  -0.005255071  
342858.020556375  -0.004172022  
342857.898485187  0.022028210   
342857.776414999  -0.020055630  
342857.654344811  0.010630230   
342857.532274623  -0.018772400  
342857.410204435  -0.021522040  
342857.288134247  0.003922935   
342857.166064059  -0.007515503  
342857.043993871  -0.039379020  
342856.921923683  -0.038796970  
342856.799853495  -0.021098780  
342856.677782307  -0.006299840  
342856.555712119  -0.006714086  
342856.433641931  -0.014734210  
342856.311571743  -0.000738107  
342856.189501555  0.019808640   
342856.067431367  -0.024759880  
342855.945361179  -0.020605890  
342855.823290991  0.010144760   
342855.701220803  0.015336320   
342855.579150615  -0.014316180  
342855.457079427  0.014621790   
342855.335009239  0.010381450   
342855.212939051  0.014074950   
342855.090868863  0.015477350   
342854.968798675  0.013594610   
342854.846728487  0.009980074   
342854.724658299  0.007878383   
342854.602588111  -0.010175040  
342854.480517923  0.004074985   
342854.358447735  -0.005595308  
342854.236376547  -0.008153537  
342854.114306359  -0.015235310  
342853.992236171  0.002129638   
342853.870165983  -0.009422123  
342853.748095795  -0.014705940  
342853.626025607  -0.005662574  
342853.503955419  -0.027233360  
342853.381885231  -0.030508480  
342853.259815043  -0.017196710  
342853.137744855  -0.000349256  
342853.015673667  0.004711250   
342852.893603479  -0.010774840  
342852.771533291  -0.013061750  
342852.649463103  -0.022511140  
342852.527392915  -0.008870563  
342852.405322727  -0.026956150  
342852.283252539  -0.021776480  
342852.161182351  -0.033957870  
342852.039112163  0.012652330   
342851.917041975  -0.005348932  
342851.794970787  0.017362190   
342851.672900599  0.016164920   
342851.550830411  -0.007554056  
342851.428760223  -0.016255970  
342851.306690035  -0.024119790  
342851.184619847  0.010729730   
342851.062549659  0.011345040   
342850.940479471  -0.000085186  
342850.818409283  -0.013502580  
342850.696339095  -0.014521230  
342850.574268907  -0.023720660  
342850.452197719  -0.020803220  
342850.330127531  -0.017610880  
342850.208057343  0.032037980   
342850.085987155  0.032995290   
342849.963916967  0.021720170   
342849.841846779  0.008859482   
342849.719776591  0.009216142   
342849.597706403  -0.002433947  
342849.475636215  -0.011925700  
342849.353566027  -0.007575644  
342849.231494839  0.013239730   
342849.109424651  -0.008682892  
342848.987354463  0.003305829   
342848.865284275  -0.029054740  
342848.743214087  -0.018820780  
342848.621143899  0.013729460   
342848.499073711  0.016207910   
342848.377003523  0.027708970   
342848.254933335  0.002776411   
342848.132863147  -0.008155604  
342848.010791959  -0.017378240  
342847.888721771  -0.005596634  
342847.766651583  0.025050410   
342847.644581395  0.026588930   
342847.522511207  -0.005862559  
342847.400441019  0.014879280   
342847.278370831  0.002796730   
342847.156300643  -0.026371860  
342847.034230454  -0.025830700  
342846.912160266  -0.014920570  
342846.790089079  -0.007963457  
342846.668018890  -0.010516070  
342846.545948702  -0.002380584  
342846.423878514  -0.026913590  
342846.301808326  -0.012117540  
342846.179738138  -0.007255452  
342846.057667950  -0.003941042  
342845.935597762  0.012713620   
342845.813527574  -0.000302099  
342845.691457386  0.014102770   
342845.569386198  0.004433005   
342845.447316010  -0.003427753  
342845.325245822  -0.019540130  
342845.203175634  -0.020720890  
342845.081105446  -0.025995000  
342844.959035258  -0.013684480  
342844.836965070  -0.026334650  
342844.714894882  -0.029734000  
342844.592824694  -0.027399520  
342844.470754506  -0.021436690  
342844.348683318  -0.040986220  
342844.226613130  -0.017845960  
342844.104542942  -0.024950350  
342843.982472754  -0.018771470  
342843.860402566  -0.008885377  
342843.738332378  -0.040861290  
342843.616262190  -0.007689811  
342843.494192002  -0.001431585  
342843.372121814  -0.008459101  
342843.250051626  -0.010610790  
342843.127981438  0.021730210   
342843.005910250  -0.002131398  
342842.883840062  -0.002039626  
342842.761769874  0.008747832   
342842.639699686  0.001388401   
342842.517629498  0.012084020   
342842.395559310  -0.014556010  
342842.273489122  0.012110270   
342842.151418934  -0.000387299  
342842.029348746  -0.001382101  
342841.907278558  -0.009703957  
342841.785207370  0.010886710   
342841.663137182  0.016869480   
342841.541066994  -0.011715130  
342841.418996806  -0.003526533  
342841.296926618  0.011320020   
342841.174856430  0.004512872   
342841.052786242  0.010266470   
342840.930716054  0.005985839   
342840.808645866  0.000105195   
342840.686575678  0.030537260   
342840.564504490  0.019223070   
342840.442434302  0.014115920   
342840.320364114  0.003973005   
342840.198293926  0.001310259   
342840.076223738  0.017719660   
342839.954153550  0.008565784   
342839.832083362  -0.004884114  
342839.710013174  -0.021959140  
342839.587942986  -0.016612760  
342839.465872798  0.014609470   
342839.343801610  0.015934680   
342839.221731422  0.014571500   
342839.099661234  -0.001123026  
342838.977591046  -0.036566300  
342838.855520858  -0.025257290  
342838.733450670  -0.002215647  
342838.611380482  -0.015331580  
342838.489310294  -0.003839209  
342838.367240106  0.006706494   
342838.245169918  -0.033031560  
342838.123098730  -0.029495060  
342838.001028542  -0.022162570  
342837.878958354  -0.005334892  
342837.756888166  -0.022809160  
342837.634817978  -0.023021620  
342837.512747790  -0.008697019  
342837.390677602  0.003705694   
342837.268607414  -0.017547830  
342837.146537226  -0.001341293  
342837.024467038  -0.000912564  
342836.902396850  0.000848440   
342836.780325662  -0.001704749  
342836.658255474  -0.004855266  
342836.536185286  0.011324350   
342836.414115098  -0.017608660  
342836.292044910  -0.003182204  
342836.169974722  0.005377335   
342836.047904534  0.041528210   
342835.925834346  -0.011251730  
342835.803764158  -0.022821790  
342835.681693970  -0.030150330  
342835.559622782  -0.010768460  
342835.437552594  -0.002977697  
342835.315482406  0.015690050   
342835.193412217  -0.028536110  
342835.071342029  -0.003535238  
342834.949271841  -0.005179431  
342834.827201654  -0.009010656  
342834.705131465  0.001540128   
342834.583061277  -0.008892947  
342834.460991089  0.002737918   
342834.338919901  0.013081560   
342834.216849713  0.005457932   
342834.094779525  -0.011548400  
342833.972709337  -0.005956532  
342833.850639149  0.010218300   
342833.728568961  -0.002932971  
342833.606498773  -0.006576532  
342833.484428585  0.005749575   
342833.362358397  -0.015190930  
342833.240288209  -0.046772540  
342833.118217021  -0.035138440  
342832.996146833  0.006281025   
342832.874076645  0.002444702   
342832.752006457  0.002238258   
342832.629936269  -0.011636690  
342832.507866081  -0.008362120  
342832.385795893  -0.018310600  
342832.263725705  -0.002362468  
342832.141655517  -0.000168313  
342832.019585329  -0.006814080  
342831.897514141  -0.025530620  
342831.775443953  -0.004049860  
342831.653373765  -0.009240176  
342831.531303577  -0.016633370  
342831.409233389  0.010988430   
342831.287163201  0.013604500   
342831.165093013  -0.006741452  
342831.043022825  -0.017439330  
342830.920952637  -0.017738790  
342830.798882449  0.014307400   
342830.676811261  -0.007442113  
342830.554741073  -0.023186200  
342830.432670885  -0.016076930  
342830.310600697  0.016207420   
342830.188530509  0.000878546   
342830.066460321  -0.027500350  
342829.944390133  -0.015825580  
342829.822319945  -0.035576160  
342829.700249757  -0.026732470  
342829.578179569  0.001339620   
342829.456109381  0.001069673   
342829.334038193  -0.003648401  
342829.211968005  0.001116557   
342829.089897817  0.013073480   
342828.967827629  0.002497145   
342828.845757441  -0.016650200  
342828.723687253  -0.011954930  
342828.601617065  -0.021592050  
342828.479546877  -0.013765450  
342828.357476689  -0.003728253  
342828.235406501  -0.003937201  
342828.113335313  0.008036949   
342827.991265125  -0.010408360  
342827.869194937  -0.016394390  
342827.747124749  -0.038373530  
342827.625054561  -0.023321590  
342827.502984373  -0.007820647  
342827.380914185  -0.016785370  
342827.258843997  0.010722710   
342827.136773809  -0.001923474  
342827.014703621  0.006789198   
342826.892632433  -0.026604450  
342826.770562245  -0.047536460  
342826.648492057  -0.009904449  
342826.526421869  0.008341107   
342826.404351681  -0.006310249  
342826.282281493  -0.039969100  
342826.160211305  -0.007626358  
342826.038141117  -0.008151100  
342825.916070929  -0.010498400  
342825.794000741  -0.003976397  
342825.671929553  0.019958610   
342825.549859365  -0.012797300  
342825.427789177  -0.011824570  
342825.305718989  0.010188060   
342825.183648801  0.013252430   
342825.061578613  -0.005579415  
342824.939508425  -0.005160602  
342824.817438237  0.013002290   
342824.695368049  0.009586602   
342824.573297861  -0.014621580  
342824.451226673  -0.006137520  
342824.329156485  0.033944320   
342824.207086297  0.013961440   
342824.085016109  0.005142568   
342823.962945921  -0.016329900  
342823.840875733  -0.033497180  
342823.718805545  -0.005107714  
342823.596735356  -0.017966680  
342823.474665168  -0.026230030  
342823.352594981  -0.021240790  
342823.230523793  0.025166660   
342823.108453604  0.006736386   
342822.986383416  -0.013809710  
342822.864313228  -0.008028740  
342822.742243040  -0.018232310  
342822.620172852  -0.015544410  
342822.498102664  -0.029934870  
342822.376032476  -0.002562546  
342822.253962288  -0.003915218  
342822.131892100  -0.008157759  
342822.009821912  0.014877620   
342821.887750724  0.033736180   
342821.765680536  0.001652511   
342821.643610348  -0.001061117  
342821.521540160  -0.020058010  
342821.399469972  -0.011391270  
342821.277399784  0.023019940   
342821.155329596  0.007780741   
342821.033259408  -0.005568197  
342820.911189220  0.023254700   
342820.789119032  -0.005405828  
342820.667047844  -0.021790490  
342820.544977656  -0.042930720  
342820.422907468  -0.020733560  
342820.300837280  -0.006597868  
342820.178767092  -0.016705560  
342820.056696904  -0.012674480  
342819.934626716  0.005044006   
342819.812556528  -0.009188643  
342819.690486340  -0.004883620  
342819.568416152  0.019483550   
342819.446344964  -0.008556015  
342819.324274776  -0.013345640  
342819.202204588  -0.005376370  
342819.080134400  0.007847634   
342818.958064212  -0.004840068  
342818.835994024  -0.024517720  
342818.713923836  -0.012920140  
342818.591853648  -0.026306480  
342818.469783460  -0.005557117  
342818.347713272  -0.019483100  
342818.225642084  -0.009582005  
342818.103571896  -0.014118000  
342817.981501708  -0.007447510  
342817.859431520  -0.020509010  
342817.737361332  -0.012985110  
342817.615291144  -0.025689670  
342817.493220956  0.005823997   
342817.371150768  -0.011074200  
342817.249080580  0.020274800   
342817.127010392  -0.020357740  
342817.004939204  -0.022338210  
342816.882869016  -0.010443210  
342816.760798828  0.027014360   
342816.638728640  0.002674605   
342816.516658452  0.011745660   
342816.394588264  -0.001464920  
342816.272518076  -0.002438905  
342816.150447888  0.000842538   
342816.028377700  -0.026878370  
342815.906307512  -0.021818730  
342815.784237324  0.008774776   
342815.662166136  0.014350170   
342815.540095948  -0.023267590  
342815.418025760  -0.014868340  
342815.295955572  -0.008981398  
342815.173885384  -0.005132845  
342815.051815196  0.017876190   
342814.929745008  -0.024756360  
342814.807674820  -0.015752380  
342814.685604632  0.010465870   
342814.563534444  0.008143089   
342814.441463256  -0.004055796  
342814.319393068  0.011322960   
342814.197322880  -0.001748951  
342814.075252692  -0.011898520  
342813.953182504  -0.021660320  
342813.831112316  0.010728260   
342813.709042128  -0.003250460  
342813.586971940  -0.011292650  
342813.464901752  -0.001171963  
342813.342831564  -0.015376120  
342813.220760376  -0.010025960  
342813.098690188  -0.001506277  
342812.976620000  -0.015576450  
342812.854549812  -0.020965590  
342812.732479624  0.002861953   
342812.610409436  -0.019308880  
342812.488339248  0.000040685   
342812.366269060  -0.002140227  
342812.244198872  -0.005475441  
342812.122128684  -0.025260910  
342812.000057496  -0.024505690  
342811.877987308  -0.001833927  
342811.755917120  0.013267800   
342811.633846932  0.029215010   
342811.511776744  0.003126284   
342811.389706556  0.005272437   
342811.267636368  -0.009007397  
342811.145566179  0.001279659   
342811.023495991  -0.001300694  
342810.901425803  0.010561270   
342810.779354615  -0.027422100  
342810.657284427  -0.015554150  
342810.535214239  -0.020084230  
342810.413144051  0.019868220   
342810.291073863  0.006554198   
342810.169003675  -0.003015815  
342810.046933487  -0.008882340  
342809.924863299  -0.011759140  
342809.802793111  0.000486360   
342809.680722923  -0.012773770  
342809.558651735  0.005457174   
342809.436581547  0.024673110   
342809.314511359  -0.003929759  
342809.192441171  0.000361170   
342809.070370983  0.002770408   
342808.948300795  -0.020983760  
342808.826230607  -0.012459230  
342808.704160419  -0.008211027  
342808.582090231  -0.014643900  
342808.460020043  -0.017320190  
342808.337949855  -0.007089518  
342808.215878667  -0.017564900  
342808.093808479  -0.000950742  
342807.971738291  0.007408848   
342807.849668103  -0.012986260  
342807.727597915  -0.002380557  
342807.605527727  0.003113872   
342807.483457539  -0.012395470  
342807.361387351  -0.019063480  
342807.239317163  -0.019398580  
342807.117246975  -0.015605920  
342806.995175787  -0.021661340  
342806.873105599  -0.025672460  
342806.751035411  -0.024575630  
342806.628965223  -0.008773391  
342806.506895035  -0.001105494  
342806.384824847  0.020000380   
342806.262754659  0.043623010   
342806.140684471  -0.015135450  
342806.018614283  -0.018262880  
342805.896544095  0.002933642   
342805.774472907  -0.024678750  
342805.652402719  -0.001266592  
342805.530332531  -0.020139520  
342805.408262343  -0.016238320  
342805.286192155  -0.007527453  
342805.164121967  0.009482690   
342805.042051779  0.009861989   
342804.919981591  0.007995947   
342804.797911403  0.006509507   
342804.675841215  0.034262850   
342804.553770027  -0.020786550  
342804.431699839  -0.011058780  
342804.309629651  0.014783720   
342804.187559463  -0.021882940  
342804.065489275  -0.016578390  
342803.943419087  -0.003414469  
342803.821348899  -0.011425230  
342803.699278711  0.028925240   
342803.577208523  -0.018721190  
342803.455138335  -0.002485403  
342803.333067147  0.009844560   
342803.210996959  -0.016683500  
342803.088926771  -0.025829920  
342802.966856583  -0.038139160  
342802.844786395  -0.013325660  
342802.722716207  0.021028640   
342802.600646019  0.008580491   
342802.478575831  0.002039879   
342802.356505643  0.022345020   
342802.234435455  0.006881281   
342802.112364267  0.014791170   
342801.990294079  0.018721370   
342801.868223891  0.013320460   
342801.746153703  -0.007889690  
342801.624083515  0.010347210   
342801.502013327  0.027731700   
342801.379943139  0.028734710   
342801.257872951  0.034861960   
342801.135802763  -0.014538490  
342801.013732575  -0.006560679  
342800.891662387  -0.009428787  
342800.769591199  -0.004972092  
342800.647521011  0.004226829   
342800.525450823  -0.015408890  
342800.403380635  0.004565687   
342800.281310447  0.007990612   
342800.159240259  -0.013350230  
342800.037170071  -0.017226890  
342799.915099883  -0.014363930  
342799.793029695  0.010579010   
342799.670959506  0.031194900   
342799.548888318  0.028281950   
342799.426818130  -0.012521930  
342799.304747942  -0.012801190  
342799.182677754  -0.001742366  
342799.060607566  -0.027896080  
342798.938537378  0.006065782   
342798.816467190  0.011108030   
342798.694397002  0.023576550   
342798.572326814  0.010320470   
342798.450256626  -0.005225926  
342798.328185438  0.004334427   
342798.206115250  -0.010369250  
342798.084045062  0.017257380   
342797.961974874  0.005380413   
342797.839904686  -0.019044650  
342797.717834498  0.002025412   
342797.595764310  -0.024843360  
342797.473694122  -0.020816000  
342797.351623934  -0.026277770  
342797.229553746  -0.004900238  
342797.107482558  -0.023226510  
342796.985412370  -0.014392850  
342796.863342182  0.004237722   
342796.741271994  -0.005559904  
342796.619201806  -0.025091320  
342796.497131618  -0.000777791  
342796.375061430  -0.007875445  
342796.252991242  0.005400994   
342796.130921054  -0.029320110  
342796.008850866  -0.035155230  
342795.886779678  -0.014640410  
342795.764709490  -0.005097847  
342795.642639302  -0.022924920  
342795.520569114  -0.027666830  
342795.398498926  0.004825749   
342795.276428738  -0.010468630  
342795.154358550  -0.006453522  
342795.032288362  0.012303510   
342794.910218174  0.002939643   
342794.788147986  -0.011749980  
342794.666077798  -0.021668370  
342794.544006610  -0.015005250  
342794.421936422  -0.024188650  
342794.299866234  0.003894405   
342794.177796046  -0.021931180  
342794.055725858  -0.023268530  
342793.933655670  -0.005648873  
342793.811585482  -0.003487526  
342793.689515294  0.007946907   
342793.567445106  -0.002527961  
342793.445374918  -0.029173800  
342793.323303730  0.012245820   
342793.201233542  -0.008960902  
342793.079163354  -0.011550430  
342792.957093166  -0.002947963  
342792.835022978  0.012702650   
342792.712952790  -0.014805000  
342792.590882602  0.001300376   
342792.468812414  -0.001692870  
342792.346742226  -0.011417730  
342792.224672038  0.002998124   
342792.102600850  0.003952041   
342791.980530662  -0.011563710  
342791.858460474  -0.021107450  
342791.736390286  -0.008990944  
342791.614320098  -0.011209120  
342791.492249910  -0.009207106  
342791.370179722  -0.015370850  
342791.248109534  -0.004027241  
342791.126039346  0.017796980   
342791.003969158  0.000002750   
342790.881897970  0.017605050   
342790.759827782  0.011289400   
342790.637757594  -0.002825173  
342790.515687406  -0.015702630  
342790.393617218  0.009198980   
342790.271547030  0.006814125   
342790.149476842  0.001403617   
342790.027406654  -0.007031995  
342789.905336466  0.027581620   
342789.783266278  0.027872350   
342789.661195090  0.029195920   
342789.539124902  0.045930300   
342789.417054714  0.035926140   
342789.294984526  0.008717740   
342789.172914338  -0.010609320  
342789.050844150  -0.030085730  
342788.928773962  0.005223351   
342788.806703774  -0.020759790  
342788.684633586  0.000762056   
342788.562563398  0.000004196   
342788.440492210  0.007005415   
342788.318422022  0.001306589   
342788.196351834  0.009225766   
342788.074281646  0.004743957   
342787.952211458  0.008322041   
342787.830141270  0.009252705   
342787.708071081  0.000427951   
342787.586000893  -0.014114700  
342787.463930705  -0.006487965  
342787.341860517  -0.003349968  
342787.219790329  -0.001684766  
342787.097719141  -0.008757877  
342786.975648953  0.018497490   
342786.853578765  0.029243320   
342786.731508577  0.003416711   
342786.609438389  0.001379478   
342786.487368201  0.018291830   
342786.365298013  0.000178068   
342786.243227825  0.011537700   
342786.121157637  0.019305640   
342785.999087449  0.017081810   
342785.877016261  0.021529090   
342785.754946073  0.012311700   
342785.632875885  0.016738890   
342785.510805697  0.017125570   
342785.388735509  0.043729990   
342785.266665321  0.054309640   
342785.144595133  0.037214520   
342785.022524945  0.009275445   
342784.900454757  0.037558880   
342784.778384569  0.030739790   
342784.656313381  0.008439370   
342784.534243193  -0.021139300  
342784.412173005  0.016382550   
342784.290102817  0.020149170   
342784.168032629  -0.004421184  
342784.045962441  -0.038429740  
342783.923892253  0.013216150   
342783.801822065  0.028113700   
342783.679751877  0.009373286   
342783.557681689  0.016084130   
342783.435610501  -0.004279828  
342783.313540313  0.017209060   
342783.191470125  0.042237030   
342783.069399937  0.042688240   
342782.947329749  0.037462950   
342782.825259561  0.009436430   
342782.703189373  0.033856460   
342782.581119185  0.022369230   
342782.459048997  -0.013172160  
342782.336978809  0.004582091   
342782.214907621  0.037379220   
342782.092837433  0.014897040   
342781.970767245  0.006217432   
342781.848697057  -0.002261743  
342781.726626869  0.050585830   
342781.604556681  0.026544040   
342781.482486493  0.014143560   
342781.360416305  0.024098600   
342781.238346117  0.051200250   
342781.116275929  0.019586800   
342780.994204741  0.024503770   
342780.872134553  0.014666390   
342780.750064365  0.036725580   
342780.627994177  0.023432420   
342780.505923989  0.029474920   
342780.383853801  0.030455700   
342780.261783613  0.014188060   
342780.139713425  0.012756710   
342780.017643237  0.034060710   
342779.895573049  0.035259840   
342779.773502861  0.028531170   
342779.651431673  0.018620590   
342779.529361485  0.031218160   
342779.407291297  0.024818360   
342779.285221109  0.040146860   
342779.163150921  0.044703520   
342779.041080733  0.030734160   
342778.919010545  0.035067450   
342778.796940357  0.018117920   
342778.674870169  0.036276940   
342778.552799981  0.016790340   
342778.430728793  0.029367380   
342778.308658605  0.037361810   
342778.186588417  0.025269980   
342778.064518229  0.001055250   
342777.942448041  -0.016065720  
342777.820377853  -0.000969500  
342777.698307665  0.006502527   
342777.576237477  0.014542730   
342777.454167289  -0.016280820  
342777.332097101  0.000934095   
342777.210025913  0.010517510   
342777.087955725  0.001532636   
342776.965885537  -0.006593239  
342776.843815349  0.009245490   
342776.721745161  0.014300180   
342776.599674973  -0.005382600  
342776.477604785  -0.001920746  
342776.355534597  -0.009078471  
342776.233464408  0.005618412   
342776.111394220  0.006499749   
342775.989323032  -0.013863500  
342775.867252845  0.022164990   
342775.745182657  0.017049430   
342775.623112468  0.010403830   
342775.501042280  -0.004074738  
342775.378972092  0.022647280   
342775.256901904  -0.006087470  
342775.134831716  -0.007104877  
342775.012761528  -0.024330690  
342774.890691340  -0.014611760  
342774.768620152  0.019211800   
342774.646549964  -0.003766459  
342774.524479776  -0.006742951  
342774.402409588  0.001762609   
342774.280339400  0.004160201   
342774.158269212  0.002622777   
342774.036199024  -0.025846300  
342773.914128836  -0.014479210  
342773.792058648  0.004277718   
342773.669988460  -0.019024430  
342773.547918272  0.013416930   
342773.425847084  0.031977270   
342773.303776896  0.027557240   
342773.181706708  0.005301843   
342773.059636520  -0.008644341  
342772.937566332  0.013826730   
342772.815496144  0.009054526   
342772.693425956  0.003082221   
342772.571355768  0.022505330   
342772.449285580  0.021570390   
342772.327215392  0.003984232   
342772.205144204  -0.003442554  
342772.083074016  -0.028111680  
342771.961003828  -0.023170940  
342771.838933640  -0.001382290  
342771.716863452  0.012739050   
342771.594793264  -0.022773340  
342771.472723076  0.001372684   
342771.350652888  -0.024556960  
342771.228582700  -0.021491030  
342771.106512512  -0.033566960  
342770.984441324  -0.012127190  
342770.862371136  -0.006703640  
342770.740300948  0.031063390   
342770.618230760  0.010108980   
342770.496160572  -0.019191040  
342770.374090384  -0.024010570  
342770.252020196  -0.010507550  
342770.129950008  -0.004530479  
342770.007879820  0.011032360   
342769.885809632  0.014153100   
342769.763738444  -0.016807240  
342769.641668256  -0.016061920  
342769.519598068  -0.005322909  
342769.397527880  0.001988593   
342769.275457692  -0.018597750  
342769.153387504  -0.007371614  
342769.031317316  -0.007982265  
342768.909247128  -0.013895800  
342768.787176940  0.001400813   
342768.665106752  -0.008331664  
342768.543035564  0.021830250   
342768.420965376  -0.960416600  
