345108.417271886  1.162345693   
345108.661412262  1.775361552   
345108.905552638  0.704552843   
345109.149694014  0.210029770   
345109.393834390  0.339413993   
345109.637974766  0.652596638   
345109.882115142  -0.504358853  
345110.126255518  0.053646521   
345110.370396894  0.929257333   
345110.614537270  1.406997476   
345110.858677646  1.767073125   
345111.102818022  0.662042857   
345111.346958398  0.196755944   
345111.591099774  0.642017112   
345111.835240150  0.874205023   
345112.079380526  2.037172835   
345112.323520902  1.344167425   
345112.567661278  0.847547336   
345112.811802654  0.396618586   
345113.055943030  0.312975422   
345113.300083406  0.214049111   
345113.544223782  0.976762762   
345113.788364158  0.529768304   
345114.032505534  0.497771035   
345114.276645910  0.477955711   
345114.520786286  1.005406733   
345114.764926662  0.167617275   
345115.009067038  0.461014578   
345115.253207414  0.632980142   
345115.497348790  0.364204822   
345115.741489166  1.133624269   
345115.985629542  1.323066838   
345116.229769918  0.604877840   
345116.473910295  0.920069955   
345116.718051671  0.706026441   
345116.962192047  0.646943098   
345117.206332423  0.842682813   
345117.450472799  0.921838373   
345117.694613175  0.296319365   
345117.938754551  -0.284258795  
345118.182894927  -0.041141468  
345118.427035303  0.539042129   
345118.671175679  -0.154907053  
345118.915316055  -0.034554029  
345119.159457431  0.049428372   
345119.403597807  -0.291144632  
345119.647738183  -0.654229139  
345119.891878559  0.130417540   
345120.136018935  0.219152638   
345120.380160311  0.440831829   
345120.624300687  -0.275781233  
345120.868441063  -1.216089803  
345121.112581439  0.116205087   
345121.356721815  0.352270925   
345121.600863191  0.224239025   
345121.845003567  0.179691436   
345122.089143943  0.594356279   
345122.333284319  0.111489423   
345122.577424695  -1.001525608  
345122.821566071  -0.370563830  
345123.065706447  -0.112930091  
345123.309846823  1.217849227   
345123.553987199  -0.404633981  
345123.798127575  -0.528163786  
345124.042268951  0.157904019   
345124.286409327  1.388578747   
345124.530549703  -0.109880608  
345124.774690079  -0.368084947  
345125.018830455  0.935955234   
345125.262971831  0.418374772   
345125.507112207  0.216076270   
345125.751252583  0.850934763   
345125.995392959  0.084422687   
345126.239533335  0.342789927   
345126.483674711  -0.147447118  
345126.727815087  -0.185610664  
345126.971955463  0.226650599   
345127.216095839  0.870401350   
345127.460236215  -0.066001060  
345127.704377591  0.690809753   
345127.948517968  0.375624184   
345128.192658344  -0.161791540  
345128.436798720  -0.372921737  
345128.680939096  0.228781345   
345128.925079472  1.298510865   
345129.169220848  0.101937918   
345129.413361224  0.430293128   
345129.657501600  0.423538062   
345129.901641976  0.566808637   
345130.145782352  0.402787011   
345130.389923728  0.808940962   
345130.634064104  1.653728986   
345130.878204480  2.243247226   
345131.122344856  3.293188705   
345131.366485232  3.816851745   
345131.610626608  3.595613634   
345131.854766984  4.862768687   
345132.098907360  4.559601213   
345132.343047736  4.351624986   
345132.587188112  4.083659470   
345132.831329488  3.906000690   
345133.075469864  3.907510765   
345133.319610240  2.391195188   
345133.563750616  2.145577995   
345133.807890992  3.012075735   
345134.052032368  2.678906121   
345134.296172744  2.933873591   
345134.540313120  2.333964211   
345134.784453496  1.807801700   
345135.028593872  1.505152909   
345135.272735248  0.810878276   
345135.516875624  0.782968356   
345135.761016000  -0.003762848  
345136.005156376  0.707558504   
345136.249296752  0.160082936   
345136.493438128  0.799255889   
345136.737578504  -0.026917233  
345136.981718880  0.480733961   
345137.225859256  0.246090353   
345137.469999632  0.556238605   
345137.714141008  -0.084013787  
345137.958281384  0.584253961   
345138.202421760  0.385837833   
345138.446562136  0.586563048   
345138.690702512  1.340438207   
345138.934843888  0.742409676   
345139.178984264  0.168333937   
345139.423124641  0.850202212   
345139.667265017  0.365687914   
345139.911405393  0.710884468   
345140.155546769  0.767501821   
345140.399687145  0.601423454   
345140.643827521  0.574363014   
345140.887967897  0.779457504   
345141.132108273  -0.084895448  
345141.376249649  0.255734051   
345141.620390025  1.220001410   
345141.864530401  0.929851469   
345142.108670777  1.084153043   
345142.352811153  0.306267427   
345142.596951529  0.486415784   
345142.841092905  0.773543124   
345143.085233281  0.494168290   
345143.329373657  1.160736178   
345143.573514033  0.722467880   
345143.817654409  1.544198515   
345144.061795785  1.065833754   
345144.305936161  0.156745678   
345144.550076537  0.235985737   
345144.794216913  0.842915171   
345145.038357289  0.539648757   
345145.282498665  0.930151286   
345145.526639041  0.896091629   
345145.770779417  1.160609255   
345146.014919793  0.816051111   
345146.259060169  1.053646712   
345146.503201545  1.267628764   
345146.747341921  0.397474112   
345146.991482297  0.756306672   
345147.235622673  1.538677893   
345147.479763049  1.800362753   
345147.723904425  1.383553822   
345147.968044801  0.606917592   
345148.212185177  0.356047364   
345148.456325553  0.594974400   
345148.700465929  0.697643071   
345148.944607305  0.897492272   
345149.188747681  1.894081401   
345149.432888057  2.001240824   
345149.677028433  2.114859794   
345149.921168809  1.331345272   
345150.165310185  0.739175655   
345150.409450561  1.285525812   
345150.653590937  0.952104851   
345150.897731313  -0.062284135  
345151.141871689  0.663536943   
345151.386013066  1.009583177   
345151.630153442  -0.605124689  
345151.874293818  0.135918424   
345152.118434194  0.161827418   
345152.362574570  0.386119911   
345152.606715946  0.356009837   
345152.850856322  0.477968603   
345153.094996698  0.776024105   
345153.339137074  0.166366041   
345153.583277450  -0.119718937  
345153.827418826  0.317549273   
345154.071559202  0.008220719   
345154.315699578  1.048561324   
345154.559839954  1.067073995   
345154.803980330  1.102805629   
345155.048121706  -0.305174596  
345155.292262082  -0.932405906  
345155.536402458  0.220884428   
345155.780542834  0.441736176   
345156.024683210  0.069371847   
345156.268823586  -0.382996122  
345156.512964962  0.833396496   
345156.757105338  0.743974219   
345157.001245714  0.662836372   
345157.245386090  0.542166217   
345157.489526466  0.374691404   
345157.733667842  0.271356041   
345157.977808218  -0.195725024  
345158.221948594  1.164426419   
345158.466088970  0.712983184   
345158.710229346  0.242360835   
345158.954370722  1.343169036   
345159.198511098  0.607945962   
345159.442651474  1.024168252   
345159.686791850  1.980261162   
345159.930932226  0.489398309   
345160.175073602  0.411906181   
345160.419213978  0.471639026   
345160.663354354  0.253437657   
345160.907494730  0.953740850   
345161.151635106  0.594031477   
345161.395776482  0.346512749   
345161.639916858  0.975424581   
345161.884057234  0.929622110   
345162.128197610  0.385373667   
345162.372337986  1.096862765   
345162.616479362  0.557951557   
345162.860619739  0.417873928   
345163.104760115  0.295667864   
345163.348900491  0.674968447   
345163.593040867  0.930045351   
345163.837182243  1.266281088   
345164.081322619  0.649769868   
345164.325462995  1.476371022   
345164.569603371  1.830369390   
345164.813743747  1.352711197   
345165.057885123  1.821148533   
345165.302025499  1.083769278   
345165.546165875  0.660511294   
345165.790306251  0.789472875   
345166.034446627  1.085213894   
345166.278588003  1.156188461   
345166.522728379  0.098153384   
345166.766868755  0.895402051   
345167.011009131  1.059609063   
345167.255149507  0.874450373   
345167.499290883  1.110846208   
345167.743431259  0.031123903   
345167.987571635  0.112656659   
345168.231712011  0.224104208   
345168.475852387  -0.213996843  
345168.719993763  -0.357986577  
345168.964134139  -0.076292962  
345169.208274515  -0.584847598  
345169.452414891  -0.108051927  
345169.696555267  -0.642398879  
345169.940695643  -0.338468221  
345170.184837019  0.093984585   
345170.428977395  -0.056473291  
345170.673117771  -0.243217661  
345170.917258147  -0.154825553  
345171.161398523  0.002081755   
345171.405539899  0.616700105   
345171.649680275  -0.181606864  
345171.893820651  -0.643120937  
345172.137961027  -0.103242270  
345172.382101403  0.767344417   
345172.626242779  0.534572364   
345172.870383155  1.871862997   
345173.114523531  1.011439541   
345173.358663907  0.168747484   
345173.602804283  0.763139490   
345173.846945659  0.640918784   
345174.091086035  0.911526184   
345174.335226411  0.975855317   
345174.579366787  0.735062172   
345174.823507163  -0.292827852  
345175.067648539  0.416943098   
345175.311788916  0.281563395   
345175.555929292  1.474091417   
345175.800069668  1.273247325   
345176.044210044  0.367356843   
345176.288351420  0.152244433   
345176.532491796  0.490328189   
345176.776632172  1.409137167   
345177.020772548  1.679897472   
345177.264912924  0.632008737   
345177.509054300  0.190549741   
345177.753194676  0.669716661   
345177.997335052  -0.309340297  
345178.241475428  -0.447846287  
345178.485615804  0.532545604   
345178.729757180  -0.515150749  
345178.973897556  -0.069588065  
345179.218037932  0.613092813   
345179.462178308  0.140044948   
345179.706318684  0.426647210   
345179.950460060  0.875593173   
345180.194600436  0.144834867   
345180.438740812  0.197580139   
345180.682881188  0.792543496   
345180.927021564  1.031446797   
345181.171162940  0.852717672   
345181.415303316  0.509105449   
345181.659443692  1.061284538   
345181.903584068  0.429646374   
345182.147724444  -0.034159056  
345182.391865820  0.765033331   
345182.636006196  0.711899847   
345182.880146572  0.721567431   
345183.124286948  0.344487138   
345183.368427324  1.109296157   
345183.612567700  1.386233183   
345183.856709076  1.093711694   
345184.100849452  0.996843473   
345184.344989828  0.556946672   
345184.589130204  0.734827316   
345184.833270580  1.182213534   
345185.077411956  0.111818722   
345185.321552332  0.954741238   
345185.565692708  0.708119660   
345185.809833084  0.857674139   
345186.053973460  -0.047939898  
345186.298114836  0.290413079   
345186.542255212  0.733779457   
345186.786395588  0.403447657   
345187.030535965  0.900313046   
345187.274676341  1.430179290   
345187.518817717  0.566779155   
345187.762958093  0.474436664   
345188.007098469  0.916757482   
345188.251238845  -0.276161101  
345188.495379221  0.863932809   
345188.739520597  0.907829946   
345188.983660973  0.605724322   
345189.227801349  -0.382139946  
345189.471941725  0.329418360   
345189.716082101  0.345716286   
345189.960223477  -0.615647749  
345190.204363853  0.276146310   
345190.448504229  -0.458746016  
345190.692644605  -0.412026607  
345190.936784981  -1.589707165  
345191.180926357  -0.768542184  
345191.425066733  0.181266822   
345191.669207109  -0.308717128  
345191.913347485  -0.214559498  
345192.157487861  0.239879154   
345192.401629237  -0.143579935  
345192.645769613  -0.724497637  
345192.889909989  -0.818300734  
345193.134050365  -0.750160933  
345193.378190741  -0.116677798  
345193.622332117  -0.729237237  
345193.866472493  -0.966489548  
345194.110612869  -0.696528753  
345194.354753245  -0.017447248  
345194.598893621  -0.575195504  
345194.843034997  0.057507708   
345195.087175373  0.484250309   
345195.331315749  0.465139004   
345195.575456125  0.555339655   
345195.819596501  0.664278989   
345196.063737877  0.681375526   
345196.307878253  0.402572342   
345196.552018629  -0.172687472  
345196.796159005  -0.138948369  
345197.040299381  1.121518677   
345197.284439757  -0.417126186  
345197.528581133  -0.421281743  
345197.772721509  -0.840568107  
345198.016861885  -0.563833457  
345198.261002261  0.436599819   
345198.505142638  -0.289196074  
345198.749284013  -0.208458582  
345198.993424390  -0.071231359  
345199.237564766  -0.617681505  
345199.481705142  -0.015672919  
345199.725845518  -0.675060391  
345199.969986894  -1.448922819  
345200.214127270  -0.572058424  
345200.458267646  -0.092609027  
345200.702408022  0.512996068   
345200.946548398  0.782160850   
345201.190689774  0.124680801   
345201.434830150  0.286246729   
345201.678970526  0.099014807   
345201.923110902  0.721957692   
345202.167251278  0.233249911   
345202.411392654  -0.112320614  
345202.655533030  -0.595709950  
345202.899673406  -0.402219308  
345203.143813782  -0.142279831  
345203.387954158  0.421611841   
345203.632095534  -0.368711214  
345203.876235910  0.579524355   
345204.120376286  0.052086475   
345204.364516662  -0.842066190  
345204.608657038  -0.209543568  
345204.852798414  -0.047286618  
345205.096938790  -0.051648593  
345205.341079166  1.144061382   
345205.585219542  0.542806825   
345205.829359918  0.676249164   
345206.073501294  0.685006804   
345206.317641670  0.298701957   
345206.561782046  1.601354038   
345206.805922422  0.423798553   
345207.050062798  -0.050335797  
345207.294204174  0.022704221   
345207.538344550  0.148047051   
345207.782484926  0.319082735   
345208.026625302  1.581091438   
345208.270765678  0.416571376   
345208.514907054  1.376999334   
345208.759047430  2.374127632   
345209.003187806  2.279644952   
345209.247328182  2.162697019   
345209.491468558  1.732811591   
345209.735609934  1.356147594   
345209.979750310  1.055527561   
345210.223890686  1.359126771   
345210.468031063  1.116351339   
345210.712171438  1.337513997   
345210.956311815  1.614071755   
345211.200453191  1.520980223   
345211.444593567  1.605615430   
345211.688733943  1.371813007   
345211.932874319  0.472413253   
345212.177014695  0.960701590   
345212.421156071  1.687549790   
345212.665296447  1.335362813   
345212.909436823  0.057660364   
345213.153577199  0.560120729   
345213.397717575  0.129705676   
345213.641858951  0.470575128   
345213.885999327  0.317290381   
345214.130139703  0.545483187   
345214.374280079  0.432510721   
345214.618420455  0.585409754   
345214.862561831  1.284302560   
345215.106702207  1.069862289   
345215.350842583  1.044624733   
345215.594982959  0.586153798   
345215.839123335  0.785332409   
345216.083264711  0.518474215   
345216.327405087  0.247874511   
345216.571545463  -0.140367451  
345216.815685839  0.162978314   
345217.059826215  1.343031121   
345217.303967591  0.081255775   
345217.548107967  -0.338827801  
345217.792248343  -0.227951253  
345218.036388719  0.393863372   
345218.280529095  1.198952791   
345218.524670471  1.122937309   
345218.768810847  0.546511558   
345219.012951223  -0.003748278  
345219.257091599  0.873369034   
345219.501231975  1.518495744   
345219.745373351  1.183780575   
345219.989513727  0.890333153   
345220.233654103  1.183087000   
345220.477794479  0.584345405   
345220.721934855  0.183998800   
345220.966076231  0.129464423   
345221.210216607  -0.134640705  
345221.454356983  0.922165173   
345221.698497359  0.585448730   
345221.942637736  0.627624420   
345222.186779112  -0.035022183  
345222.430919488  -0.083807313  
345222.675059864  0.015631414   
345222.919200240  0.849658045   
345223.163340616  0.220578615   
345223.407481992  0.343053715   
345223.651622368  0.950041614   
345223.895762744  0.890044829   
345224.139903120  0.960129441   
345224.384043496  0.317978860   
345224.628183872  0.258185901   
345224.872325248  0.725574479   
345225.116465624  0.929980391   
345225.360606000  0.821857058   
345225.604746376  1.784390027   
345225.848886752  2.392412943   
345226.093028128  1.391553427   
345226.337168504  1.479200291   
345226.581308880  0.275984209   
345226.825449256  -0.128662214  
345227.069589632  1.317883510   
345227.313731008  1.529956230   
345227.557871384  1.345674503   
345227.802011760  0.475360599   
345228.046152136  0.875425776   
345228.290292512  2.475220768   
345228.534433888  1.463470417   
345228.778574264  0.861358384   
345229.022714640  1.173581817   
345229.266855016  1.449962683   
345229.510995392  1.957999785   
345229.755136768  0.000852695   
345229.999277144  -0.241857593  
345230.243417520  0.107685651   
345230.487557896  -0.144002776  
345230.731698272  0.714146472   
345230.975839648  0.715109383   
345231.219980024  0.705352354   
345231.464120400  0.123501572   
345231.708260776  0.257979477   
345231.952401152  0.153986717   
345232.196542528  0.772212938   
345232.440682904  0.326889857   
345232.684823280  -0.481792913  
345232.928963656  0.029866728   
345233.173104032  -0.046700906  
345233.417245408  0.099954582   
345233.661385784  -0.621563129  
345233.905526160  -0.326268737  
345234.149666536  0.306831882   
345234.393806913  0.952840401   
345234.637948289  0.534008709   
345234.882088665  0.232542094   
345235.126229041  -0.432416479  
345235.370369417  1.210884989   
345235.614509793  2.190163711   
345235.858651169  1.890041373   
345236.102791545  0.566144043   
345236.346931921  0.959176024   
345236.591072297  1.156678661   
345236.835212673  1.607048553   
345237.079354049  0.757811251   
345237.323494425  -0.071699023  
345237.567634801  -0.258453787  
345237.811775177  0.984968240   
345238.055915553  1.300204329   
345238.300055929  1.387431450   
345238.544197305  1.321167001   
345238.788337681  1.419756668   
345239.032478057  1.199933191   
345239.276618433  0.832069308   
345239.520758809  0.256959601   
345239.764900185  -0.028323137  
345240.009040561  0.209133319   
345240.253180937  0.517948037   
345240.497321313  0.697890920   
345240.741461689  0.436458655   
345240.985603065  0.312923204   
345241.229743441  0.807190533   
345241.473883817  0.236360707   
345241.718024193  0.223230942   
345241.962164569  1.483755503   
345242.206305945  0.771548844   
345242.450446321  1.186562873   
345242.694586697  0.341565026   
345242.938727073  0.455254153   
345243.182867449  -0.400138932  
345243.427008825  0.098677563   
345243.671149201  0.490786109   
345243.915289577  0.967639845   
345244.159429953  1.432497871   
345244.403570329  0.577218766   
345244.647711705  0.574890191   
345244.891852081  0.539779178   
345245.135992457  1.119008713   
345245.380132833  0.788144188   
345245.624273209  0.196363983   
345245.868414586  0.742665520   
345246.112554962  0.868527997   
345246.356695338  1.433129984   
345246.600835714  1.218600267   
345246.844976090  1.944773879   
345247.089117466  0.832440081   
345247.333257842  1.501163350   
345247.577398218  0.966244698   
345247.821538594  0.885946837   
345248.065678970  0.817214399   
345248.309820346  1.629278449   
345248.553960722  1.094227878   
345248.798101098  0.971573937   
345249.042241474  2.032488202   
345249.286381850  1.424391831   
345249.530523226  1.070798716   
345249.774663602  1.124393918   
345250.018803978  1.249803672   
345250.262944354  0.577114330   
345250.507084730  1.529723373   
345250.751226106  1.467888713   
345250.995366482  -0.263395363  
345251.239506858  -0.909976632  
345251.483647234  -0.254582056  
345251.727787610  0.639861431   
345251.971927986  0.652984401   
345252.216069362  0.456251743   
345252.460209738  0.329530291   
345252.704350114  -0.177617306  
345252.948490490  0.076368016   
345253.192630866  -0.244462299  
345253.436772242  -0.684676506  
345253.680912618  0.121658550   
345253.925052994  0.381078596   
345254.169193370  0.675270263   
345254.413333746  1.519354218   
345254.657475122  0.778498591   
345254.901615498  0.147701513   
345255.145755874  1.097040157   
345255.389896250  1.362023998   
345255.634036626  1.525030245   
345255.878178002  0.435791614   
345256.122318378  0.693143825   
345256.366458754  1.185150737   
345256.610599130  1.499770703   
345256.854739506  0.600643931   
345257.098880882  1.090781987   
345257.343021258  1.393969948   
345257.587161634  1.042728393   
345257.831302011  1.006734420   
345258.075442387  0.304101752   
345258.319583763  1.197657084   
345258.563724139  1.287288233   
345258.807864515  -0.024675924  
345259.052004891  0.310325044   
345259.296145267  1.072719540   
345259.540286643  -0.300176205  
345259.784427019  0.488297132   
345260.028567395  0.316818170   
345260.272707771  -0.288678241  
345260.516848147  -0.025296739  
345260.760989523  -0.071506741  
345261.005129899  1.201478745   
345261.249270275  1.151528312   
345261.493410651  -0.139679772  
345261.737551027  -0.896664279  
345261.981692403  0.161841210   
345262.225832779  0.475793534   
345262.469973155  -0.388102697  
345262.714113531  0.059847076   
345262.958253907  -0.506726404  
345263.202395283  -0.035353525  
345263.446535659  0.237451390   
345263.690676035  -0.490575538  
345263.934816411  0.241560975   
345264.178956787  0.170378036   
345264.423098163  0.136487026   
345264.667238539  0.382331629   
345264.911378915  -0.017523027  
345265.155519291  -0.648037928  
345265.399659667  0.030122666   
345265.643800043  0.808162938   
345265.887941419  -0.457582978  
345266.132081795  -0.225137175  
345266.376222171  0.498228755   
345266.620362547  -0.392123986  
345266.864502923  -0.336175275  
345267.108644299  0.405218573   
345267.352784675  0.729996772   
345267.596925051  0.775294552   
345267.841065427  -0.057708785  
345268.085205803  -0.123009373  
345268.329347179  -1.159534413  
345268.573487555  -0.744065663  
345268.817627931  -0.011395486  
345269.061768307  -0.501950327  
345269.305908684  -0.641091678  
345269.550050060  0.001719722   
345269.794190436  -0.550515607  
345270.038330812  -0.318741993  
345270.282471188  0.250173654   
345270.526611564  0.054857679   
345270.770752940  0.483957138   
345271.014893316  0.000240249   
345271.259033692  0.369035416   
345271.503174068  -0.703791309  
345271.747314444  -0.787017378  
345271.991455820  -0.580483768  
345272.235596196  -0.216776342  
345272.479736572  0.460643855   
345272.723876948  -0.053961128  
345272.968017324  0.269667025   
345273.212158700  0.619197577   
345273.456299076  0.572578106   
345273.700439452  0.407020320   
345273.944579828  0.018977956   
345274.188720204  0.085420376   
345274.432861580  0.952744960   
345274.677001956  0.160384501   
345274.921142332  1.015598496   
345275.165282708  0.591460551   
345275.409423084  0.771746223   
345275.653564460  0.322155504   
345275.897704836  -0.054018693  
345276.141845212  0.656124479   
345276.385985588  -0.242883965  
345276.630125964  0.123935557   
345276.874267340  0.665309358   
345277.118407716  -0.012962497  
345277.362548092  0.611599726   
345277.606688468  0.902232871   
345277.850828844  0.252549100   
345278.094970220  -0.388200937  
345278.339110596  -0.324279005  
345278.583250972  -0.327999878  
345278.827391348  0.803179487   
345279.071531724  -0.045066706  
345279.315672100  -0.366879485  
345279.559813476  0.146691331   
345279.803953852  1.366993956   
345280.048094228  0.787026373   
345280.292234604  1.108874915   
345280.536374980  1.634755597   
345280.780516356  1.378715783   
345281.024656733  1.811016233   
345281.268797108  1.559185343   
345281.512937485  1.234048314   
345281.757077861  0.844940432   
345282.001219237  1.665175981   
345282.245359613  1.940913741   
345282.489499989  2.439838920   
345282.733640365  1.835442785   
345282.977780741  2.986920129   
345283.221922117  3.516436087   
345283.466062493  3.019451221   
345283.710202869  2.784078759   
345283.954343245  2.183478802   
345284.198483621  2.988474677   
345284.442624997  1.475650963   
345284.686765373  0.994079664   
345284.930905749  0.789460383   
345285.175046125  0.776715682   
345285.419186501  1.817738120   
345285.663327877  1.995175036   
345285.907468253  2.381146337   
345286.151608629  2.355034317   
345286.395749005  2.415237475   
345286.639889381  1.733875440   
345286.884030757  0.878232558   
345287.128171133  -0.313378275  
345287.372311509  0.336455603   
345287.616451885  0.039738177   
345287.860592261  -0.319357966  
345288.104733637  -0.357223844  
345288.348874013  0.431348932   
345288.593014389  -0.033837483  
345288.837154765  0.222108029   
345289.081295141  -0.752368082  
345289.325436517  -0.081544548  
345289.569576893  0.392140476   
345289.813717269  -0.408181460  
345290.057857645  -0.634656117  
345290.301998021  -0.453168530  
345290.546139397  0.731185545   
345290.790279773  -0.009229102  
345291.034420149  -0.799567698  
345291.278560525  0.187665706   
345291.522700901  0.639028941   
345291.766842277  -0.277952055  
345292.010982653  -0.283168962  
345292.255123029  0.010204016   
345292.499263405  0.770158195   
345292.743403781  0.544448820   
345292.987544157  0.159417693   
345293.231685533  1.191407908   
345293.475825910  2.033476097   
345293.719966286  0.739160165   
345293.964106662  0.785434347   
345294.208247038  1.114550441   
345294.452388414  1.403678007   
345294.696528790  1.984092318   
345294.940669166  1.632359064   
345295.184809542  1.849396746   
345295.428949918  2.873277174   
345295.673091294  2.012448465   
345295.917231670  1.967153684   
345296.161372046  2.873594479   
345296.405512422  1.663108746   
345296.649652798  1.558649671   
345296.893794174  1.434065911   
345297.137934550  1.885157862   
345297.382074926  0.981139084   
345297.626215302  1.242057412   
345297.870355678  1.309362724   
345298.114497054  0.148989125   
345298.358637430  0.736522279   
345298.602777806  0.652765535   
345298.846918182  0.421674403   
345299.091058558  0.704935609   
345299.335199934  0.638623189   
345299.579340310  1.090254310   
345299.823480686  0.010823606   
345300.067621062  -0.091580457  
345300.311761438  0.933369317   
345300.555902814  1.808482284   
345300.800043190  1.284093188   
345301.044183566  1.147675170   
345301.288323942  0.665183435   
345301.532464318  0.724081892   
345301.776605694  1.340300792   
345302.020746070  0.479843805   
345302.264886446  0.515433076   
345302.509026822  -0.418904648  
345302.753167198  -0.100910397  
345302.997308574  -0.387638032  
345303.241448950  0.402869860   
345303.485589326  0.720585032   
345303.729729702  0.328242679   
345303.973870078  0.582075794   
345304.218011454  0.695324990   
345304.462151830  1.003353489   
345304.706292206  0.907882414   
345304.950432583  1.330555755   
345305.194572959  1.269667516   
345305.438714335  -0.078473477  
345305.682854711  0.911412753   
345305.926995087  1.690053757   
345306.171135463  2.115590346   
345306.415275839  0.657060906   
345306.659416215  0.386164983   
345306.903557591  1.447143908   
345307.147697967  1.295597148   
345307.391838343  1.427575383   
345307.635978719  0.724322745   
345307.880119095  -0.047284699  
345308.124260471  -0.127583124  
345308.368400847  0.022882167   
345308.612541223  0.378929161   
345308.856681599  0.311099420   
345309.100821975  0.471771445   
345309.344963351  0.653590530   
345309.589103727  0.658217198   
345309.833244103  0.952116344   
345310.077384479  0.540308354   
345310.321524855  -0.508690702  
345310.565666231  -0.033384180  
345310.809806607  0.399361307   
345311.053946983  0.622242713   
345311.298087359  0.442660960   
345311.542227735  0.085547798   
345311.786369111  -0.406906040  
345312.030509487  0.614603388   
345312.274649863  0.671657973   
345312.518790239  0.730552932   
345312.762930615  -0.253632887  
345313.007071991  -0.961574556  
345313.251212367  0.497989151   
345313.495352743  0.595620005   
345313.739493119  0.151483798   
345313.983633495  0.339832487   
345314.227774871  0.164433823   
345314.471915247  0.937620215   
345314.716055623  1.000490241   
345314.960195999  0.939714933   
345315.204336375  0.745882551   
345315.448477751  -0.367442490  
345315.692618127  0.620177977   
345315.936758503  1.383787679   
345316.180898879  1.689939327   
345316.425039255  1.715750032   
345316.669180631  2.181549482   
345316.913321008  1.393793556   
345317.157461383  2.323230779   
345317.401601760  1.862166431   
345317.645742136  2.215933940   
345317.889883512  3.061657393   
345318.134023888  1.992872944   
345318.378164264  2.760286319   
345318.622304640  4.128154741   
345318.866445016  4.765739565   
345319.110586392  4.797272768   
345319.354726768  3.947673188   
345319.598867144  3.968456969   
345319.843007520  3.861389490   
345320.087147896  4.130394370   
345320.331288272  3.653103452   
345320.575429648  2.706632153   
345320.819570024  3.008295548   
345321.063710400  2.698060899   
345321.307850776  2.718251543   
345321.551991152  2.120721207   
345321.796132528  2.407941939   
345322.040272904  1.596188699   
345322.284413280  2.144460179   
345322.528553656  0.724532116   
345322.772694032  1.431485990   
345323.016835408  1.676389119   
345323.260975784  1.067831032   
345323.505116160  1.608567124   
345323.749256536  1.415737128   
345323.993396912  0.334201233   
345324.237538288  0.985002719   
345324.481678664  1.563401263   
345324.725819040  0.127782353   
345324.969959416  0.032145433   
345325.214099792  0.799803553   
345325.458241168  1.058507737   
345325.702381544  1.645170724   
345325.946521920  0.333217934   
345326.190662296  -0.054358685  
345326.434802672  0.208985460   
345326.678944048  0.701810521   
345326.923084424  1.063663582   
345327.167224800  1.602118570   
345327.411365176  0.680742914   
345327.655505552  0.627321106   
345327.899646928  -0.205274680  
345328.143787304  0.514493152   
345328.387927681  0.178756858   
345328.632068056  -0.149801378  
345328.876208433  -0.137889467  
345329.120349809  -0.412189607  
345329.364490185  0.007073621   
345329.608630561  0.067555509   
345329.852770937  0.872099311   
345330.096911313  0.448559700   
345330.341052689  0.633736180   
345330.585193065  0.277822284   
345330.829333441  0.951565182   
345331.073473817  0.382814983   
345331.317614193  1.185837317   
345331.561755569  0.655503359   
345331.805895945  1.242839434   
345332.050036321  2.023399264   
345332.294176697  1.485976144   
345332.538317073  0.896731737   
345332.782458449  1.660608277   
345333.026598825  1.319175719   
345333.270739201  0.403538551   
345333.514879577  0.229044184   
345333.759019953  0.441636137   
345334.003160329  1.569602468   
345334.247301705  1.289896637   
345334.491442081  2.185744415   
345334.735582457  1.900579924   
345334.979722833  2.055790442   
345335.223863209  1.799020074   
345335.468004585  0.871334280   
345335.712144961  1.473622204   
345335.956285337  2.126289299   
345336.200425713  3.282407303   
345336.444566089  3.654019891   
345336.688707465  4.887965268   
345336.932847841  5.372697132   
345337.176988217  5.090734682   
345337.421128593  6.168060403   
345337.665268969  7.015721669   
345337.909410345  8.770317929   
345338.153550721  12.157505111  
345338.397691097  14.638631765  
345338.641831473  15.560952343  
345338.885971849  16.895500654  
345339.130113225  18.569391303  
345339.374253601  18.845767172  
345339.618393977  17.400916361  
345339.862534353  15.922596032  
345340.106674729  17.547491663  
345340.350816105  17.908335841  
345340.594956482  18.485152853  
345340.839096858  18.365531057  
345341.083237234  17.446508461  
345341.327377610  15.625612773  
345341.571518986  12.646126095  
345341.815659362  9.642699068   
345342.059799738  8.098024345   
345342.303940114  6.168884898   
345342.548080490  5.810424261   
345342.792221866  5.834364611   
345343.036362242  4.886173365   
345343.280502618  3.689328784   
345343.524642994  3.635263370   
345343.768783370  2.185373642   
345344.012924746  1.449241125   
345344.257065122  1.156345864   
345344.501205498  1.436657825   
345344.745345874  1.157802973   
345344.989486250  1.560912286   
345345.233627626  1.124458378   
345345.477768002  0.637616305   
345345.721908378  1.748494494   
345345.966048754  1.487326818   
345346.210189130  1.058558206   
345346.454330506  0.661416241   
345346.698470882  0.262554877   
345346.942611258  0.317901857   
345347.186751634  0.469352476   
345347.430892010  1.464242444   
345347.675032386  0.764085411   
345347.919173762  -1.151502828  
345348.163314138  -0.021611420  
345348.407454514  -0.731763691  
345348.651594890  -0.652643109  
345348.895735266  -0.150428544  
345349.139876642  0.314037572   
345349.384017018  -0.108246608  
345349.628157394  -0.240460248  
345349.872297770  0.178127893   
345350.116438146  -0.002296152  
345350.360579522  -0.229778385  
345350.604719898  0.854496084   
345350.848860274  1.493252192   
345351.093000650  0.926058291   
345351.337141026  0.794131524   
345351.581282402  0.150699478   
345351.825422778  0.365667327   
345352.069563154  0.038800541   
345352.313703531  0.549916474   
345352.557843907  -0.047870685  
345352.801985283  0.382242384   
345353.046125659  0.910155523   
345353.290266035  -0.103580113  
345353.534406411  -0.143027223  
345353.778546787  0.770394051   
345354.022688163  0.282147437   
345354.266828539  -0.719762535  
345354.510968915  -0.374094720  
345354.755109291  0.092973054   
345354.999249667  0.376472115   
345355.243391043  0.751795932   
345355.487531419  0.433715084   
345355.731671795  -0.267051975  
345355.975812171  -0.075642110  
345356.219952547  -0.078960230  
345356.464093923  0.316454643   
345356.708234299  0.345767505   
345356.952374675  0.407818132   
345357.196515051  0.319263224   
345357.440655427  -0.454859795  
345357.684796803  0.274949342   
345357.928937179  -0.250403014  
345358.173077555  0.041875379   
345358.417217931  0.343929879   
345358.661358307  -0.920229857  
345358.905499683  -0.015677231  
345359.149640059  0.170874982   
345359.393780435  -0.404350654  
345359.637920811  0.125065815   
345359.882061187  -0.534153620  
345360.126201563  -0.254531088  
345360.370342939  0.318902295   
345360.614483315  0.475161121   
345360.858623691  0.801067780   
345361.102764067  0.606689731   
345361.346904443  -0.640166745  
345361.591045819  0.323216755   
345361.835186195  0.246598142   
345362.079326571  -0.542077771  
345362.323466947  -0.175381574  
345362.567607323  0.643827504   
345362.811748699  0.964891027   
345363.055889075  1.610146657   
345363.300029451  0.499008278   
345363.544169827  -0.195222532  
345363.788310204  -1.347505882  
345364.032451580  -0.273871902  
345364.276591956  0.465455061   
345364.520732332  -0.829071143  
345364.764872708  0.160529613   
345365.009013084  0.416747268   
345365.253154460  0.233057029   
345365.497294836  -0.025378125  
345365.741435212  0.276323052   
345365.985575588  0.491422620   
345366.229715964  0.579071132   
345366.473857340  -0.033598034  
345366.717997716  0.646159577   
345366.962138092  -0.591395590  
345367.206278468  -0.079997845  
345367.450418844  -0.014879404  
345367.694560220  -0.488787732  
345367.938700596  -0.458451547  
345368.182840972  0.325634475   
345368.426981348  0.320956038   
345368.671121724  -0.153164869  
345368.915263100  -0.271687788  
345369.159403476  0.279847945   
345369.403543852  0.775389993   
345369.647684228  -1.017338431  
345369.891824604  -0.272401452  
345370.135965980  -0.421859639  
345370.380106356  -0.661907440  
345370.624246732  -0.771541349  
345370.868387108  0.250143822   
345371.112527484  0.547960171   
345371.356668860  0.770332089   
345371.600809236  0.947398232   
345371.844949612  0.890306170   
345372.089089988  0.421476824   
345372.333230364  1.132444991   
345372.577371740  1.171331694   
345372.821512116  0.476421250   
345373.065652492  0.786606629   
345373.309792868  0.653562047   
345373.553933244  0.490810844   
345373.798073620  -0.244143544  
345374.042214996  0.485212770   
345374.286355372  0.612419225   
345374.530495748  -0.229169608  
345374.774636124  0.273050654   
345375.018776500  -0.373782760  
345375.262917876  -0.659393479  
345375.507058252  0.783914777   
345375.751198628  -0.067970205  
345375.995339004  -0.259531927  
345376.239479381  0.575234980   
345376.483620757  -0.190466742  
345376.727761133  0.241569969   
345376.971901509  0.619200075   
345377.216041885  0.602730654   
345377.460182261  0.199228281   
345377.704323637  0.573708414   
345377.948464013  0.087466274   
345378.192604389  0.548971552   
345378.436744765  -0.999170049  
345378.680885141  -1.076898483  
345378.925026517  -0.417616886  
345379.169166893  0.349400981   
345379.413307269  -0.015854493  
345379.657447645  0.558230886   
345379.901588021  0.338689186   
345380.145729397  -0.466265515  
345380.389869773  -0.626313222  
345380.634010149  -0.360147755  
345380.878150525  0.037369117   
345381.122290901  0.792227190   
345381.366432277  0.127982130   
345381.610572653  -0.412530199  
345381.854713029  0.041471606   
345382.098853405  0.832288174   
345382.342993781  0.909456950   
345382.587135157  0.213281980   
345382.831275533  0.233084212   
345383.075415909  -0.461428825  
345383.319556285  -0.448569794  
345383.563696661  0.158391021   
345383.807838037  0.163404703   
345384.051978413  0.568570059   
345384.296118789  0.387795635   
345384.540259165  0.404751009   
345384.784399541  0.945609326   
345385.028540917  0.700508318   
345385.272681293  -0.210914579  
345385.516821669  -0.389032128  
345385.760962045  -0.203107756  
345386.005102421  0.086363449   
345386.249243797  -0.714402815  
345386.493384173  -1.120399362  
345386.737524549  -0.211700998  
345386.981664925  0.555789880   
345387.225805301  0.877593949   
345387.469945677  0.314336539   
345387.714087053  -1.052831711  
345387.958227430  -0.895299114  
345388.202367806  0.761645904   
345388.446508182  -0.195692145  
345388.690648558  0.126544860   
345388.934789934  -0.249295092  
345389.178930310  0.157646277   
345389.423070686  -0.236604258  
345389.667211062  -0.413319466  
345389.911351438  -0.434878073  
345390.155492814  0.021039715   
345390.399633190  0.339775771   
345390.643773566  -0.364812200  
345390.887913942  -0.003479907  
345391.132054318  -0.050039028  
345391.376195694  0.084403998   
345391.620336070  0.308974321   
345391.864476446  0.443835391   
345392.108616822  -0.129751398  
345392.352757198  -0.350027048  
345392.596898574  -0.084418090  
345392.841038950  -0.450912360  
345393.085179326  -0.012551714  
345393.329319702  0.717376495   
345393.573460078  0.340572534   
345393.817601454  0.346818112   
345394.061741830  0.665748090   
345394.305882206  0.484507901   
345394.550022582  0.037605612   
345394.794162958  0.117470563   
345395.038304334  -0.754504275  
345395.282444710  -0.020743101  
345395.526585086  -0.339314054  
345395.770725462  0.402774469   
345396.014865838  0.563912409   
345396.259007214  1.021614814   
345396.503147590  0.372820349   
345396.747287966  1.199441991   
345396.991428342  1.207900315   
345397.235568718  2.286543230   
345397.479710094  2.569790895   
345397.723850470  3.439550638   
345397.967990846  2.920658178   
345398.212131222  2.967812822   
345398.456271598  3.176263259   
345398.700412974  3.271613908   
345398.944553350  2.208313604   
345399.188693726  2.182427945   
345399.432834102  1.841159287   
345399.676974479  1.164251526   
345399.921115855  1.025083192   
345400.165256231  1.995184530   
345400.409396607  1.661552699   
345400.653536983  1.469517716   
345400.897677359  1.579232575   
345401.141817735  1.159958154   
345401.385959111  0.325476572   
345401.630099487  0.893341312   
345401.874239863  0.644852877   
345402.118380239  0.139753377   
345402.362520615  0.477609073   
345402.606661991  0.291401125   
345402.850802367  0.762766219   
345403.094942743  1.164046152   
345403.339083119  0.938057947   
345403.583223495  0.789513351   
345403.827364871  0.363171154   
345404.071505247  0.710347297   
345404.315645623  0.420459346   
345404.559785999  0.501233266   
345404.803926375  0.510212271   
345405.048067751  0.768981915   
345405.292208127  1.579909161   
345405.536348503  0.949025236   
345405.780488879  0.769464120   
345406.024629255  0.617101859   
345406.268770631  0.753058659   
345406.512911007  1.005651583   
345406.757051383  1.735008247   
345407.001191759  1.841619006   
345407.245332135  1.746533694   
345407.489473511  0.518848986   
345407.733613887  0.710275841   
345407.977754263  1.205675177   
345408.221894639  1.307747213   
345408.466035015  1.456890443   
345408.710176391  1.223137491   
345408.954316767  0.888988476   
345409.198457143  2.188802544   
345409.442597519  1.554129937   
345409.686737895  2.013215995   
345409.930879271  1.575278995   
345410.175019647  2.235828766   
345410.419160023  3.145260231   
345410.663300399  2.182218573   
345410.907440775  2.589327939   
345411.151582151  2.034114706   
345411.395722528  1.520616446   
345411.639862904  1.218667226   
345411.884003280  1.193130354   
345412.128143656  1.000090986   
345412.372285032  1.247429125   
345412.616425408  0.854623006   
345412.860565784  0.612040457   
345413.104706160  0.244170778   
345413.348846536  0.531487252   
345413.592987912  0.375936143   
345413.837128288  1.107488763   
345414.081268664  1.418747286   
345414.325409040  0.357169927   
345414.569549416  -0.345270059  
345414.813689792  -0.250099649  
345415.057831168  0.374863499   
345415.301971544  0.320397930   
345415.546111920  0.402906288   
345415.790252296  0.343654048   
345416.034392672  0.690262088   
345416.278534048  -0.050763085  
345416.522674424  0.362587462   
345416.766814800  0.774429082   
345417.010955176  0.639086406   
345417.255095552  -0.348953305  
345417.499236928  -0.004034552  
345417.743377304  -0.658958245  
345417.987517680  0.131597768   
345418.231658056  -0.411572984  
345418.475798432  -0.371399119  
345418.719939808  -0.390889442  
345418.964080184  -0.395977678  
345419.208220560  -0.486043462  
345419.452360936  -0.143925224  
345419.696501312  -0.045853445  
345419.940642688  -0.860662310  
345420.184783064  -0.336424472  
345420.428923440  0.371733564   
345420.673063816  0.099371639   
345420.917204192  0.241351853   
345421.161345568  0.686354979   
345421.405485944  0.508546790   
345421.649626320  0.349573625   
345421.893766696  -0.257322179  
345422.137907072  -0.136120900  
345422.382048448  0.116053030   
345422.626188824  0.578050757   
345422.870329201  0.333773594   
345423.114469577  0.525769251   
345423.358609953  0.037800188   
345423.602751329  0.411536707   
345423.846891705  0.698986749   
345424.091032081  0.581597586   
345424.335172457  0.325909907   
345424.579312833  0.964091016   
345424.823454209  -0.052910671  
345425.067594585  -0.687628700  
345425.311734961  -0.358795982  
345425.555875337  0.788873742   
345425.800015713  0.115029107   
345426.044157089  -0.031936821  
345426.288297465  -0.178348558  
345426.532437841  0.466823473   
345426.776578217  0.853343789   
345427.020718593  -0.628300006  
345427.264859969  -0.366899173  
345427.509000345  0.136207547   
345427.753140721  0.185628553   
345427.997281097  -0.372333897  
345428.241421473  -0.227618207  
345428.485561849  0.713122599   
345428.729703225  -0.029833028  
345428.973843601  -0.166460283  
345429.217983977  0.644537070   
345429.462124353  0.244830574   
345429.706264729  0.729720441   
345429.950406105  0.172199971   
345430.194546481  -0.988453108  
345430.438686857  0.332329578   
345430.682827233  -0.384026042  
345430.926967609  -0.070609690  
345431.171108985  -0.886388067  
345431.415249361  -0.293252891  
345431.659389737  0.628517373   
345431.903530113  0.657329741   
345432.147670489  -0.467127287  
345432.391811865  0.164758025   
345432.635952241  0.122262331   
345432.880092617  0.165975530   
345433.124232993  0.657331740   
345433.368373369  1.482748120   
345433.612514745  0.509737062   
345433.856655121  -0.031946050  
345434.100795497  1.064553038   
345434.344935873  1.366955980   
345434.589076249  0.075534876   
345434.833217626  -0.433179962  
345435.077358001  -0.062275740  
345435.321498378  -0.145030048  
345435.565638754  0.323855014   
345435.809779130  0.490833680   
345436.053920506  0.377558400   
345436.298060882  0.444896842   
345436.542201258  1.313523178   
345436.786341634  0.881775890   
345437.030482010  0.686859171   
345437.274623386  0.288639065   
345437.518763762  0.252128908   
345437.762904138  0.280781723   
345438.007044514  -0.737749528  
345438.251184890  -0.110252980  
345438.495326266  0.954007187   
345438.739466642  0.115084373   
345438.983607018  -0.476603089  
345439.227747394  -0.332060293  
345439.471887770  0.004012078   
345439.716029146  -0.952356697  
345439.960169522  -0.780383438  
345440.204309898  0.000301548   
345440.448450274  -0.859052296  
345440.692590650  -0.330289227  
345440.936732026  0.069203400   
345441.180872402  0.068498082   
345441.425012778  1.096968701   
345441.669153154  0.601357494   
345441.913293530  -0.684458140  
345442.157433906  -0.337662265  
345442.401575282  0.588208541   
345442.645715658  0.794773132   
345442.889856034  0.077480685   
345443.133996410  0.589141470   
345443.378136786  0.417814365   
345443.622278162  0.754805590   
345443.866418538  1.557513866   
345444.110558914  2.751108935   
345444.354699290  2.753734329   
345444.598839666  2.841719985   
345444.842981042  3.607437898   
345445.087121418  3.523342860   
345445.331261794  3.321060149   
345445.575402170  3.938261947   
345445.819542546  2.474642122   
345446.063683922  2.735339086   
345446.307824299  2.650112741   
345446.551964674  1.893253407   
345446.796105051  1.435009834   
345447.040245427  1.590694061   
345447.284386803  2.264932455   
345447.528527179  1.414618812   
345447.772667555  1.695504921   
345448.016807931  1.668734304   
345448.260948307  1.061516896   
345448.505089683  1.135334223   
345448.749230059  1.103894462   
345448.993370435  0.668020699   
345449.237510811  1.873374073   
345449.481651187  1.114658375   
345449.725792563  0.270080172   
345449.969932939  1.596216682   
345450.214073315  1.125299863   
345450.458213691  0.196585248   
345450.702354067  1.177496921   
345450.946495443  1.569219703   
345451.190635819  0.896373457   
345451.434776195  0.400274449   
345451.678916571  0.538180156   
345451.923056947  0.919227971   
345452.167198323  0.194377849   
345452.411338699  0.796032361   
345452.655479075  0.165892231   
345452.899619451  0.280769231   
345453.143759827  0.813954394   
345453.387901203  -0.047792333  
345453.632041579  -0.009611488  
345453.876181955  0.454081421   
345454.120322331  0.675132847   
345454.364462707  0.568322210   
345454.608604083  0.063182685   
345454.852744459  -0.273828378  
345455.096884835  -0.293115575  
345455.341025211  0.755051940   
345455.585165587  1.184418685   
345455.829305963  0.804060448   
345456.073447339  -0.338972913  
345456.317587715  0.130951813   
345456.561728091  1.398076935   
345456.805868467  1.373720840   
345457.050008843  1.128212081   
345457.294150219  0.165877940   
345457.538290595  0.381372666   
345457.782430971  0.978107939   
345458.026571347  0.630019454   
345458.270711723  0.554323777   
345458.514853099  1.043636838   
345458.758993475  1.751064921   
345459.003133852  1.133080102   
345459.247274228  1.646765248   
345459.491414604  2.572358823   
345459.735555980  1.401676732   
345459.979696356  1.063468701   
345460.223836732  1.618011844   
345460.467977108  1.865642804   
345460.712117484  1.349135385   
345460.956258860  1.503722284   
345461.200399236  0.989471984   
345461.444539612  0.999039129   
345461.688679988  0.347211421   
345461.932820364  1.041864422   
345462.176961740  1.086119340   
345462.421102116  1.423702753   
345462.665242492  0.584537287   
345462.909382868  0.238584796   
345463.153523244  1.932914137   
345463.397664620  1.267464864   
345463.641804996  1.049005552   
345463.885945372  0.687613209   
345464.130085748  1.530837191   
345464.374226124  1.271341492   
345464.618367500  0.622693437   
345464.862507876  1.258952573   
345465.106648252  2.528370742   
345465.350788628  2.252144281   
345465.594929004  1.657149893   
345465.839070380  1.393962453   
345466.083210756  1.537427158   
345466.327351132  2.869655390   
345466.571491508  2.511581017   
345466.815631884  1.858542149   
345467.059773260  2.271368517   
345467.303913636  1.705243462   
345467.548054012  2.300790512   
345467.792194388  3.211810006   
345468.036334764  1.783762411   
345468.280476140  1.977152065   
345468.524616516  1.731887657   
345468.768756892  1.795459253   
345469.012897268  1.199783282   
345469.257037644  1.367631067   
345469.501178020  1.268873002   
345469.745319396  0.705346857   
345469.989459772  0.337668611   
345470.233600148  -0.227899035  
345470.477740525  0.515865312   
345470.721880901  -0.658914771  
345470.966022277  0.556318056   
345471.210162653  0.509832004   
345471.454303029  1.655442438   
345471.698443405  1.686136654   
345471.942583781  0.718359394   
345472.186725157  0.290667574   
345472.430865533  1.316468376   
345472.675005909  1.224206836   
345472.919146285  0.781827054   
345473.163286661  1.602377911   
345473.407428037  2.101322078   
345473.651568413  1.139594116   
345473.895708789  1.384085497   
345474.139849165  1.038055253   
345474.383989541  1.723278425   
345474.628130917  1.249485866   
345474.872271293  0.746635590   
345475.116411669  1.472148106   
345475.360552045  1.361417869   
345475.604692421  1.026785650   
345475.848833797  0.568353691   
345476.092974173  0.022210418   
345476.337114549  0.514206327   
345476.581254925  -0.150965266  
345476.825395301  -0.273620206  
345477.069536677  -0.067830291  
345477.313677053  1.096456514   
345477.557817429  0.939079822   
345477.801957805  1.782765521   
345478.046098181  -0.023683677  
345478.290239557  0.163273134   
345478.534379933  1.250703621   
345478.778520309  1.583373041   
345479.022660685  0.890174750   
345479.266801061  1.026518813   
345479.510942437  0.900757774   
345479.755082813  0.893220886   
345479.999223189  0.613337163   
345480.243363565  0.777904455   
345480.487503941  0.617305235   
345480.731645317  1.047794293   
345480.975785693  0.124329116   
345481.219926069  0.542743863   
345481.464066445  0.983723002   
345481.708206821  0.581964362   
345481.952348197  0.431033126   
345482.196488574  -0.277575335  
345482.440628950  -0.197928626  
345482.684769326  0.192620524   
345482.928909702  0.089766167   
345483.173050078  0.218188028   
345483.417191454  0.495249228   
345483.661331830  -0.565736793  
345483.905472206  -0.261807485  
345484.149612582  0.472639564   
345484.393752958  1.532262819   
345484.637894334  0.577764432   
345484.882034710  2.162267282   
345485.126175086  2.504662750   
345485.370315462  1.300877417   
345485.614455838  1.845292258   
345485.858597214  2.091938820   
345486.102737590  2.008953104   
345486.346877966  1.799592724   
345486.591018342  0.957061318   
345486.835158718  1.657592122   
345487.079300094  2.387065215   
345487.323440470  2.057155106   
345487.567580846  1.365871643   
345487.811721222  1.645399584   
345488.055861598  1.311627838   
345488.300002974  2.392476903   
345488.544143350  1.998872773   
345488.788283726  0.976019217   
345489.032424102  0.739051731   
345489.276564478  0.974957866   
345489.520705854  1.695367505   
345489.764846230  1.214935010   
345490.008986606  0.758424376   
345490.253126982  1.030849163   
345490.497267358  0.618718370   
345490.741408734  0.756126782   
345490.985549110  0.779420027   
345491.229689486  0.187006360   
345491.473829862  1.377585975   
345491.717970238  1.674886539   
345491.962111614  1.052086667   
345492.206251990  1.164553342   
345492.450392366  1.680443638   
345492.694532742  1.101375004   
345492.938673118  1.695603361   
345493.182814494  1.105954702   
345493.426954870  0.879059552   
345493.671095246  0.995953518   
345493.915235622  0.363472170   
345494.159375998  0.263310065   
345494.403517375  -0.150596991  
345494.647657751  0.001408560   
345494.891798127  -0.362927553  
345495.135938503  -0.061564275  
345495.380078879  0.141963724   
345495.624220255  0.115206598   
345495.868360631  0.557907584   
345496.112501007  -0.034716835  
345496.356641383  -0.266246168  
345496.600781759  -1.175140863  
345496.844922135  -0.478762567  
345497.089063511  -0.035372429  
345497.333203887  -0.088364924  
345497.577344263  -0.542187204  
345497.821484639  0.444615614   
345498.065625015  0.465584881   
345498.309766391  0.712708352   
345498.553906767  0.416168522   
345498.798047143  -0.164896390  
345499.042187519  -0.786040976  
345499.286327895  -0.447634816  
345499.530469271  0.971176180   
345499.774609647  1.168262072   
345500.018750023  0.319558194   
345500.262890399  0.200455629   
345500.507030775  -0.118300155  
345500.751172151  -0.501755446  
345500.995312527  -0.570679268  
345501.239452903  -0.450010412  
345501.483593279  -0.807750690  
345501.727733655  -0.707151253  
345501.971875031  -0.931070723  
345502.216015407  -0.024290165  
345502.460155783  0.506513535   
345502.704296159  0.281077492   
345502.948436535  0.236644583   
345503.192577911  0.561963102   
345503.436718287  0.244483336   
345503.680858663  1.271220566   
345503.924999039  0.474882442   
345504.169139415  0.820646798   
345504.413280791  0.929893444   
345504.657421167  1.300419197   
345504.901561543  1.358753999   
345505.145701919  0.582008835   
345505.389842295  0.362693796   
345505.633983671  0.767611254   
345505.878124048  -0.024813340  
345506.122264424  0.354109200   
345506.366404800  0.489465567   
345506.610545176  0.309796767   
345506.854686552  1.440904726   
345507.098826928  1.862925467   
345507.342967304  1.307921606   
345507.587107680  1.675790985   
345507.831248056  1.532905425   
345508.075389432  1.019280243   
345508.319529808  1.930481126   
345508.563670184  2.396424488   
345508.807810560  2.078003848   
345509.051950936  2.806302159   
345509.296092312  2.627992278   
345509.540232688  1.904256174   
345509.784373064  1.975222246   
345510.028513440  2.595923902   
345510.272653816  1.483196845   
345510.516794192  1.290191456   
345510.760935568  1.912419179   
345511.005075944  1.271150109   
345511.249216320  1.306944204   
345511.493356696  1.260097373   
345511.737497072  1.468208517   
345511.981638448  2.370526836   
345512.225778824  1.351144656   
345512.469919200  1.401024631   
345512.714059576  0.794355387   
345512.958199952  1.132856739   
345513.202341328  -0.010340242  
345513.446481704  0.324780898   
345513.690622080  0.894547574   
345513.934762456  0.940340551   
345514.178902832  0.072470251   
345514.423044208  -0.261418473  
345514.667184584  -0.308739064  
345514.911324960  -0.158061823  
345515.155465336  0.733835923   
345515.399605712  0.207352159   
345515.643747088  0.354052834   
345515.887887464  -0.206757973  
345516.132027840  -0.237675153  
345516.376168216  0.106091926   
345516.620308592  0.745079542   
345516.864449968  0.638217937   
345517.108590344  0.788478484   
345517.352730720  0.113299965   
345517.596871096  0.291750911   
345517.841011473  0.546869339   
345518.085152849  0.901597260   
345518.329293225  -0.144224441  
345518.573433601  0.167927935   
345518.817573977  0.366857199   
345519.061714353  0.265029663   
345519.305855729  -0.854098327  
345519.549996105  0.312783989   
345519.794136481  0.158919898   
345520.038276857  0.203335717   
345520.282417233  -0.685632421  
345520.526558609  0.869453431   
345520.770698985  0.424686709   
345521.014839361  0.599055903   
345521.258979737  1.113689468   
345521.503120113  0.916945867   
345521.747261489  0.383266807   
345521.991401865  -0.448256436  
345522.235542241  -0.177937360  
345522.479682617  -0.437892928  
345522.723822993  -0.137428699  
345522.967964369  -0.399144840  
345523.212104745  0.126561200   
345523.456245121  -0.310939368  
345523.700385497  0.364718357   
345523.944525873  0.265433166   
345524.188666249  -0.003938355  
345524.432807625  -0.457021222  
345524.676948001  0.105911387   
345524.921088377  -0.220671908  
345525.165228753  0.047578544   
345525.409369129  -0.424696703  
345525.653510505  -0.801691398  
345525.897650881  -0.743244165  
345526.141791257  -0.112266597  
345526.385931633  -0.246102495  
345526.630072009  -0.060582726  
345526.874213385  0.271751150   
345527.118353761  0.142164051   
345527.362494137  -0.218526821  
345527.606634513  -0.099741662  
345527.850774889  0.000079790   
345528.094916265  0.059258636   
345528.339056641  -0.325502206  
345528.583197017  -0.063484450  
345528.827337393  0.752338100   
345529.071477769  -0.496776443  
345529.315619146  0.338476516   
345529.559759522  1.201088983   
345529.803899898  0.484385026   
345530.048040274  0.618850789   
345530.292180650  0.798063618   
345530.536322026  0.275333907   
345530.780462402  -0.068906482  
345531.024602778  0.110192417   
345531.268743154  -0.263319359  
345531.512883530  0.191153722   
345531.757024906  -0.601803721  
345532.001165282  -0.084582439  
345532.245305658  0.664959572   
345532.489446034  0.040832412   
345532.733586410  0.023636695   
345532.977727786  0.417507753   
345533.221868162  -0.015787084  
345533.466008538  0.641796247   
345533.710148914  1.474974377   
345533.954289290  0.033085443   
345534.198430666  0.544561251   
345534.442571042  0.901243976   
345534.686711418  1.373233638   
345534.930851794  0.876930855   
345535.174992170  0.366609200   
345535.419133546  -0.254891417  
345535.663273922  0.170415813   
345535.907414298  0.163533125   
345536.151554674  -0.235843873  
345536.395695050  -0.504987968  
345536.639836426  -0.251672737  
345536.883976802  -0.160872952  
345537.128117178  -0.370979276  
345537.372257554  0.642960035   
345537.616397930  1.327609558   
345537.860538306  0.400999105   
345538.104679682  -0.250084908  
345538.348820058  0.706150865   
345538.592960434  1.227215995   
345538.837100810  0.127117859   
345539.081241186  0.635316713   
345539.325382562  1.162305217   
345539.569522938  0.730300586   
345539.813663314  0.501613533   
345540.057803690  1.374699741   
345540.301944066  0.809856401   
345540.546085442  0.479005069   
345540.790225818  0.656140469   
345541.034366194  0.334680040   
345541.278506571  0.634957432   
345541.522646947  0.257965536   
345541.766788323  -0.283564620  
345542.010928699  0.079322608   
345542.255069075  0.378631693   
345542.499209451  0.199394479   
345542.743349827  0.230224362   
345542.987491203  0.831301778   
345543.231631579  -0.012046378  
345543.475771955  0.726345507   
345543.719912331  1.188165392   
345543.964052707  0.387572222   
345544.208194083  0.078353801   
345544.452334459  0.906346354   
345544.696474835  0.622896313   
345544.940615211  0.635297224   
345545.184755587  1.093206003   
345545.428896963  1.246778024   
345545.673037339  1.544258478   
345545.917177715  0.925246787   
345546.161318091  0.563158870   
345546.405458467  0.985290043   
345546.649599843  0.805441603   
345546.893740219  0.741880500   
345547.137880595  1.947586658   
345547.382020971  0.995304415   
345547.626161347  1.203979215   
345547.870302723  1.293823734   
345548.114443099  0.743047786   
345548.358583475  0.658865801   
345548.602723851  0.609793831   
345548.846864227  0.167027286   
345549.091005603  0.790355335   
345549.335145979  1.777464266   
345549.579286355  0.437586815   
345549.823426731  -0.108587949  
345550.067567107  0.350939090   
345550.311708483  0.565289067   
345550.555848859  0.751925853   
345550.799989235  -0.465204814  
345551.044129611  -0.398811844  
345551.288269987  1.174463277   
345551.532410363  0.551812314   
345551.776551739  0.190927210   
345552.020692115  0.721673366   
345552.264832491  -0.069583068  
345552.508972867  0.340493282   
345552.753113243  0.849545114   
345552.997254619  1.993513552   
345553.241394995  1.078123233   
345553.485535372  -0.431979297  
345553.729675748  0.610630819   
345553.973816124  1.042738387   
345554.217957500  0.559800425   
345554.462097876  0.597414407   
345554.706238252  0.767383393   
345554.950378628  0.970522580   
345555.194519004  1.121066954   
345555.438660380  0.018857165   
345555.682800756  -0.032679472  
345555.926941132  1.007257600   
345556.171081508  0.396499509   
345556.415221884  -0.998946686  
345556.659363260  -0.610497901  
345556.903503636  0.070025048   
345557.147644012  -0.556108185  
345557.391784388  -0.256979389  
345557.635924764  -0.262260308  
345557.880066140  0.255439632   
345558.124206516  -0.217339048  
345558.368346892  0.112699333   
345558.612487268  -0.280116530  
345558.856627644  0.128266256   
345559.100769020  -0.199640378  
345559.344909396  -0.053494014  
345559.589049772  0.375175208   
345559.833190148  0.626287238   
345560.077330524  0.745703161   
345560.321471900  0.565590882   
345560.565612276  0.816921578   
345560.809752652  1.030797695   
345561.053893028  0.972194058   
345561.298033404  0.390974240   
345561.542174780  0.346630826   
345561.786315156  -0.111554783  
345562.030455532  0.030960369   
345562.274595908  0.554359755   
345562.518736284  0.886128726   
345562.762877660  0.225484413   
345563.007018036  -0.558644133  
345563.251158412  -0.199002069  
345563.495298788  0.253296693   
345563.739439164  -0.110149743  
345563.983580540  -0.797652370  
345564.227720916  -0.758253980  
345564.471861292  -0.291510358  
345564.716001668  0.441142489   
345564.960142045  -0.461689615  
345565.204282421  0.023186011   
345565.448423797  0.276806606   
345565.692564173  0.075186339   
345565.936704549  -0.741319843  
345566.180844925  -0.711445625  
345566.424985301  -0.112814412  
345566.669126677  0.337569471   
345566.913267053  -0.847978073  
345567.157407429  -0.044639333  
345567.401547805  0.299647828   
345567.645688181  1.330430332   
345567.889829557  0.461204062   
345568.133969933  0.060208255   
345568.378110309  0.383075174   
345568.622250685  0.779712848   
345568.866391061  1.349001467   
345569.110532437  0.600047296   
345569.354672813  1.306533955   
345569.598813189  0.962839282   
345569.842953565  1.486540799   
345570.087093941  1.594463255   
345570.331235317  1.060566477   
345570.575375693  0.921792401   
345570.819516069  1.849458208   
345571.063656445  1.862672122   
345571.307796821  1.310888291   
345571.551938197  1.349481673   
345571.796078573  0.614026241   
345572.040218949  0.398654940   
345572.284359325  0.951262367   
345572.528499701  0.474325183   
345572.772641077  0.826147932   
345573.016781453  0.499418876   
345573.260921829  0.735528387   
345573.505062205  0.179723617   
345573.749202581  0.658971237   
345573.993343957  0.978608132   
345574.237484333  0.314400800   
345574.481624709  -0.676066775  
345574.725765085  -0.744733254  
345574.969905461  0.182423265   
345575.214046837  1.082299178   
345575.458187213  0.021300460   
345575.702327589  -0.073944449  
345575.946467965  0.039718029   
345576.190608341  0.501391169   
345576.434749717  0.363094002   
345576.678890093  0.114938562   
